-9.548096693201841845e-01
-4.575150040586777322e-01
1.029663316217011015e-01
5.576038364119995094e-01
7.678386476554805995e-01
1.165117837875641271e+00
1.307475415498629445e+00
1.544427421790715016e+00
1.740745677403538139e+00
1.741548862034960621e+00
1.836546284691394249e+00
1.935577242190902325e+00
2.122337442531716079e+00
2.379505489770053828e+00
2.384508691289738636e+00
2.431093791039984353e+00
2.508100320763333002e+00
2.553154297145283635e+00
2.610482603435229976e+00
2.632034026198653009e+00
