-1.001034791873280483e+00
-4.165175366879338981e-01
2.608727114438806893e-01
7.140799908111148397e-01
1.069560079535222030e+00
1.351410382074391237e+00
1.621787681587193219e+00
2.023258202695615182e+00
2.045518679846281884e+00
2.045592941028189671e+00
2.064838885036806460e+00
2.285831876625707082e+00
2.624400343482193421e+00
2.731001581351847562e+00
2.734833566481029266e+00
2.836048271420622768e+00
3.001922552462929161e+00
3.013679834499271237e+00
3.125361321620403032e+00
3.126793730030840379e+00
