-7.484666786772322666e-01
-1.423048928077150777e-01
5.849411733501597155e-01
1.063603166784446330e+00
1.469786919572470651e+00
1.736753132299043045e+00
2.057459433471080956e+00
2.490002583655211765e+00
2.494585556291383455e+00
2.504241922529217845e+00
2.547088115940596253e+00
2.764019519312057582e+00
3.169612809618570282e+00
3.198803351461265265e+00
3.209826387729833641e+00
3.292968218440023520e+00
3.537709287488439713e+00
3.564984847976973015e+00
3.654791926800101010e+00
3.661820687772660676e+00
