-1.060438043177782674e+00
-5.238741819284769008e-01
9.039485903485910967e-02
5.409517947337008081e-01
8.239214406385144684e-01
1.161953632883523824e+00
1.369460277348480304e+00
1.690144601725478424e+00
1.794880319357616827e+00
1.795703932994001661e+00
1.853245702395724948e+00
2.015113811150513357e+00
2.281312414193962468e+00
2.457522758411869290e+00
2.462248730504143168e+00
2.600253740920379641e+00
2.661578258088411530e+00
2.691238803552550962e+00
2.717659595000441186e+00
2.782547464938033954e+00
