-9.051498169112619507e-01
-4.472539868953617770e-01
6.369099376979647786e-02
5.173237817061817623e-01
6.545085657338631790e-01
1.119247064552268967e+00
1.198104811216808230e+00
1.348506175191573675e+00
1.643044399798100130e+00
1.644596349622361231e+00
1.766804608968868706e+00
1.811149533503112252e+00
1.923988264281547345e+00
2.128246593307949297e+00
2.266105349472582020e+00
2.266192680961353290e+00
2.306702496252114543e+00
2.443324801281733016e+00
2.451812164451894205e+00
2.461801739109091613e+00
