-9.278095023055357160e-01
-3.333204958867099776e-01
3.582071307018850348e-01
8.176431990418677742e-01
1.192470598742147558e+00
1.459691802447196096e+00
1.747200266785512213e+00
2.172419328678643069e+00
2.172710032848044648e+00
2.178612784572578676e+00
2.185670614534501510e+00
2.421545924483780254e+00
2.786138684021807421e+00
2.869033260094056459e+00
2.874674960183256189e+00
2.970465008920200489e+00
3.161749418397448608e+00
3.165145447497707210e+00
3.289294360957683239e+00
3.293166537819161022e+00
