-8.749797031322259500e-01
-3.931409267329399881e-01
1.634075974845927703e-01
6.321424509776534251e-01
8.471870651681001618e-01
1.254827057010970748e+00
1.409045856355533033e+00
1.663592507127077624e+00
1.840255982119174405e+00
1.842790241633224468e+00
1.949970290766714243e+00
2.062210246864879082e+00
2.269693440458013356e+00
2.505516207983419008e+00
2.518656537366609882e+00
2.653195281152420648e+00
2.687156980032909814e+00
2.693043748280501859e+00
2.766902850902397404e+00
2.788376801540266570e+00
