-1.072223161165311467e+00
-4.597253942811221350e-01
2.346877681775367819e-01
6.624755210141302086e-01
1.043154625869647134e+00
1.277097551646875218e+00
1.570219823908701073e+00
1.970253352457802976e+00
1.983039953804109246e+00
1.983289815467287553e+00
1.984337242774927290e+00
2.210981671676563565e+00
2.559149839049496222e+00
2.646700448145566043e+00
2.650364787728904048e+00
2.722082735137519194e+00
2.915863967944460455e+00
2.917170015258307103e+00
3.047332792091765441e+00
3.047843680644291453e+00
