-9.731806131208031729e-01
-4.485803313459655328e-01
1.539606219912457163e-01
6.102463474144315114e-01
8.819508522510659532e-01
1.231794868451288494e+00
1.430002849139327736e+00
1.746686374599903502e+00
1.857539981640911719e+00
1.857945746444329416e+00
1.926715824107304798e+00
2.080380531622267881e+00
2.342064594637122354e+00
2.524196028667120117e+00
2.529270731466567668e+00
2.674807261541900516e+00
2.727611873393016140e+00
2.754051739940223342e+00
2.787498215892355802e+00
2.846138161751696316e+00
