-1.105768604029435664e+00
-5.369976758665870875e-01
1.186165654617070686e-01
5.674423052914789878e-01
8.932049491886573378e-01
1.196738422640919453e+00
1.439409737417008728e+00
1.803678093037888175e+00
1.862915361783961998e+00
1.863241771872708341e+00
1.899098247053188970e+00
2.092046995843702462e+00
2.394001380660483846e+00
2.535872596668923507e+00
2.539979205037525389e+00
2.657619420591800008e+00
2.768416006852930877e+00
2.804958842258201912e+00
2.846481607997702667e+00
2.893703214442211902e+00
