-8.531682897114478692e-01
-2.529660695195161679e-01
4.550275761926059204e-01
9.185647591557426495e-01
1.307421265422362922e+00
1.578794658017159236e+00
1.880185341279229760e+00
2.309421293639843498e+00
2.311386846663708639e+00
2.313172678093678769e+00
2.330422326454026916e+00
2.572502776540659397e+00
2.964393646556118256e+00
3.024175409434064932e+00
3.024929936492753768e+00
3.116206733647004512e+00
3.331099035120587359e+00
3.344609557680541911e+00
3.468496339782632276e+00
3.469420333389734878e+00
