-8.207568495422492560e-01
-1.314661142018849205e-01
6.552287353788415203e-01
1.071773175569887826e+00
1.574980207134103694e+00
1.690962041496732127e+00
2.096639382902594662e+00
2.401731938848115533e+00
2.505504958813617122e+00
2.505828999414916325e+00
2.647421682569074619e+00
2.752381298420459643e+00
3.182443730986960873e+00
3.189223887631669641e+00
3.191627770859213342e+00
3.232164516663942777e+00
3.485102979249404598e+00
3.591284000938230747e+00
3.718867142477847665e+00
3.721843961667673284e+00
