-1.106079979177593486e+00
-5.669290534642641433e-01
4.730190765258157626e-02
4.977915385643427726e-01
7.806908097372797783e-01
1.117594608393119415e+00
1.324021890293806791e+00
1.641454683507618029e+00
1.748037170349562075e+00
1.749992904453392839e+00
1.809471737637068145e+00
1.967434036123449914e+00
2.227233315377816325e+00
2.409963356603839202e+00
2.414305064099607989e+00
2.551802916310407454e+00
2.605511482004658319e+00
2.633562398663343629e+00
2.667634113327949308e+00
2.728757942444644868e+00
