-6.319271302719471350e-01
1.172386828428670924e-01
9.754831809040069857e-01
1.393524973535363642e+00
1.977405880342416822e+00
2.016633063319659414e+00
2.504718664106690085e+00
2.739893468117088560e+00
2.908735572615114506e+00
2.914169149556528282e+00
3.155735410238094119e+00
3.165214432702896374e+00
3.511170236357997965e+00
3.574215328643845169e+00
3.584273169089328803e+00
3.718418541731466576e+00
3.893599783336298970e+00
4.066420572245988296e+00
4.174790685708671845e+00
4.180385259410513754e+00
