-7.019649918013897150e-01
-9.101176416402267932e-02
6.386703275817353642e-01
1.117624825322309334e+00
1.539705593890744240e+00
1.813445931503338215e+00
2.128794584678189494e+00
2.549411951881722871e+00
2.550676281983896843e+00
2.570246286770782262e+00
2.588801295590371865e+00
2.834122271186856779e+00
3.252735585228833770e+00
3.265365037595870490e+00
3.278457143937828278e+00
3.398697957749959642e+00
3.605207912769685663e+00
3.622568839769940041e+00
3.723299776911119352e+00
3.736315630759406758e+00
