-1.008559415819036076e+00
-4.104158166901470395e-01
2.799093633748270804e-01
7.280201700359612005e-01
1.100953683593616006e+00
1.362578544484676968e+00
1.649408766783380997e+00
2.067690112430682348e+00
2.071186220176969073e+00
2.071240375447814586e+00
2.074475887810876884e+00
2.311769300315063447e+00
2.666557292633115139e+00
2.755502237139808130e+00
2.759034291527314053e+00
2.844534883293817984e+00
3.038783889201113197e+00
3.040937624057733046e+00
3.165776932119115372e+00
3.167190084710455267e+00
