-1.144294617501145694e+00
-6.063432851224206388e-01
8.858509710989892483e-03
4.583868824338424020e-01
7.403691874715150334e-01
1.077133759419666603e+00
1.281540301562927198e+00
1.596622564364224672e+00
1.707232810826099012e+00
1.707483611295174342e+00
1.767705797792586964e+00
1.924146324694447685e+00
2.181346590914472472e+00
2.366970792478241492e+00
2.371041682570648845e+00
2.510412547257146798e+00
2.558831678557908162e+00
2.580212059212499298e+00
2.622799819626379758e+00
2.682848282587656286e+00
