-1.007628629999089753e+00
-4.944178468585960218e-01
8.929725680172850844e-02
5.397657380199234467e-01
7.814795787526236381e-01
1.152827943213196704e+00
1.322153107247686421e+00
1.589876522138183645e+00
1.750379906186935841e+00
1.750688007065946294e+00
1.829380861854588147e+00
1.954760712547795265e+00
2.170638575475095422e+00
2.396848868345841765e+00
2.400848445156952948e+00
2.517996422927353706e+00
2.551105409309457173e+00
2.553331137873101397e+00
2.637804011289517803e+00
2.675644270158954896e+00
