-1.053450366267497884e+00
-5.328358185615797993e-01
6.301744304073508829e-02
5.125347534467437072e-01
7.662006500322604552e-01
1.126667472633926081e+00
1.306794190251821419e+00
1.591014306128272437e+00
1.734514600573675125e+00
1.734997205412582844e+00
1.809596764282105141e+00
1.943249184250817052e+00
2.171982086023490410e+00
2.385319713775970740e+00
2.389973756240578950e+00
2.535047982557443902e+00
2.540586360022643930e+00
2.551900291753554484e+00
2.630878460306121269e+00
2.675690039901382988e+00
