-1.145441096588911023e+00
-6.075142279441934079e-01
7.704017414653208107e-03
4.573731108466745354e-01
7.392870595649583265e-01
1.076270568810286932e+00
1.280621253448771313e+00
1.595674863194290083e+00
1.706420983922726009e+00
1.706670681145624258e+00
1.766967373259831220e+00
1.923380241707491223e+00
2.180570737298694439e+00
2.366297919252247084e+00
2.370365350412612315e+00
2.509783273992070463e+00
2.558196012854750734e+00
2.579466318216873333e+00
2.622165455679350998e+00
2.682199069880880415e+00
