-1.092761009636888048e+00
-5.105400295578874648e-01
1.545683496333367657e-01
6.033497451317089144e-01
9.460596167591575067e-01
1.231504208379192278e+00
1.490170179011329310e+00
1.871734788095636759e+00
1.911263102236262057e+00
1.913216348864807514e+00
1.937022713300393661e+00
2.143891059906309238e+00
2.461654534541594330e+00
2.586611500009894371e+00
2.590985513579653343e+00
2.696162100080982782e+00
2.834847232836182229e+00
2.859224736170290271e+00
2.935882760863023577e+00
2.960342762940854300e+00
