-9.874626153450662969e-01
-3.486322852932062233e-01
3.733221244983724318e-01
7.983563318157393951e-01
1.217967922282696236e+00
1.412680522784285131e+00
1.742819443259577383e+00
2.111325908443177468e+00
2.153103954167818301e+00
2.153855501672296668e+00
2.199462623020735919e+00
2.387614607237992459e+00
2.778755373705280363e+00
2.821925687921975623e+00
2.826440961358457571e+00
2.872516006527803256e+00
3.100201594848840614e+00
3.134891120724205393e+00
3.265079265116582974e+00
3.265301082452424453e+00
