-9.301597553903775406e-01
-4.481509760703374923e-01
9.399521846808056580e-02
5.456623769043744687e-01
7.329333962156852067e-01
1.152682835344194245e+00
1.272809268484934364e+00
1.473477652160681828e+00
1.711371079035870935e+00
1.711481839884072542e+00
1.814224747984326314e+00
1.891998125579220869e+00
2.050130449910056996e+00
2.315544875269324621e+00
2.342364965458273218e+00
2.343074184891520417e+00
2.443155359232605406e+00
2.522565801556083898e+00
2.558644880416068190e+00
2.567696717886519764e+00
