-1.031989812194296974e+00
-4.509164321752905380e-01
2.190849634080223041e-01
6.715292753960966365e-01
1.018049577747660805e+00
1.305445645826694090e+00
1.568010165876330575e+00
1.958409170212689787e+00
1.991658337547050905e+00
1.992535107761796098e+00
2.016027460524128401e+00
2.228534681487872149e+00
2.557529225312464405e+00
2.672829259157879278e+00
2.677846587244857801e+00
2.786040236027474748e+00
2.934297803823938011e+00
2.951669953094096854e+00
3.044165275639898027e+00
3.057625808991360827e+00
