-9.079698203873363127e-01
-5.752125324887629176e-01
-2.603816751045258115e-01
6.055668750175868809e-02
2.172330568267852868e-01
4.927622096427342058e-01
6.027999034901654341e-01
7.702723452593147613e-01
8.550612668545056749e-01
1.052364676451389869e+00
1.052364676451389869e+00
1.132018940764226045e+00
1.226305760956989843e+00
1.239323602787095524e+00
1.243744612463757448e+00
1.285628953222868631e+00
1.395900449121114661e+00
1.405295440623973491e+00
1.443160573657877421e+00
1.508563255849196594e+00
