-7.410920652394565877e-01
-1.319560473663727862e-01
5.975957987355400292e-01
1.074055271774625453e+00
1.484009959418528979e+00
1.745302426768887472e+00
2.069391759654877205e+00
2.497285683609050011e+00
2.505337063778995343e+00
2.514908015995729329e+00
2.562087926563037854e+00
2.774128319192016079e+00
3.182399667958463851e+00
3.208198184445905099e+00
3.219170643299207768e+00
3.299243577608422129e+00
3.546280608607787599e+00
3.576002519127086998e+00
3.666473219581291687e+00
3.673459094752900000e+00
