-1.046197331121220486e+00
-4.247978987914393656e-01
2.749351420934544876e-01
7.039927920050104149e-01
1.096188836811052170e+00
1.317757024615275441e+00
1.621623177910805680e+00
2.014187774169840850e+00
2.032499955119419610e+00
2.034372122441709507e+00
2.047714507622004021e+00
2.263231958007963840e+00
2.622016951863770373e+00
2.698282416746224044e+00
2.702354268934868742e+00
2.766815120801766170e+00
2.970367117995920125e+00
2.979449098802433582e+00
3.109591690859815571e+00
3.111183743360015796e+00
