-1.004133215555157221e+00
-4.742018146462214645e-01
1.366465305600286229e-01
5.888987712314701639e-01
8.652327971935847017e-01
1.210779868863937736e+00
1.414556363807150774e+00
1.733798562174342806e+00
1.838700967166005285e+00
1.839489937696271227e+00
1.904459807599778287e+00
2.061972382199655840e+00
2.325935367047804903e+00
2.505857682098849182e+00
2.508919954856082768e+00
2.648427115181220870e+00
2.708710351210811496e+00
2.741644405364695558e+00
2.767134896864718030e+00
2.829532338970693672e+00
