-1.136548705711902585e+00
-5.650011752368300222e-01
8.995211472938535735e-02
5.382855045754695311e-01
8.663149736821651459e-01
1.163689974680892192e+00
1.408524374281114433e+00
1.772726079274434596e+00
1.831925267571932636e+00
1.832182166515849531e+00
1.865234388715180103e+00
2.059521950992348138e+00
2.361267655724077486e+00
2.502433070359984413e+00
2.506484433703008108e+00
2.621338596763962414e+00
2.735005856862699147e+00
2.770210045629937667e+00
2.812472894569509663e+00
2.860524096038716380e+00
