-9.428658189265206602e-01
-4.265711816722159710e-01
1.703533112699915364e-01
6.236372797177409666e-01
8.895686876232957729e-01
1.248770980578228773e+00
1.440480094548320267e+00
1.745101681309051855e+00
1.870449163060357023e+00
1.870503198739243089e+00
1.940365502344775450e+00
2.090201044315790568e+00
2.345035936100430263e+00
2.537884511136098808e+00
2.539093668345458354e+00
2.690233916006263826e+00
2.739858109996248459e+00
2.745074924939899574e+00
2.799618404648981596e+00
2.854826439028101959e+00
