-8.850431696135245829e-01
-6.006871963954836247e-01
-2.505685846730472122e-01
1.691970138382856703e-01
2.607813504549909567e-01
7.571931509045271014e-01
8.337254820143584766e-01
8.658056125145066062e-01
1.234650561708818373e+00
1.276547324368948466e+00
1.309939534217178903e+00
1.345817366394669534e+00
1.411586417669965954e+00
1.548138128731835650e+00
1.746645972115388190e+00
1.840434048707052739e+00
1.864117865369934179e+00
1.888187873211350620e+00
1.914459698546238542e+00
1.919446515027189548e+00
