-1.115998431017942494e+00
-5.401747340183646884e-01
1.220944695742218755e-01
5.683465788388275541e-01
9.031013828825962264e-01
1.196378733267920325e+00
1.447455023651855299e+00
1.820289233299263287e+00
1.869936067654634826e+00
1.870223347967112204e+00
1.897940280356124276e+00
2.099379690131172538e+00
2.409594057284266455e+00
2.542389954225654947e+00
2.546337552099430468e+00
2.655778136617300333e+00
2.782437070309242699e+00
2.811831378636270529e+00
2.870423987387766829e+00
2.908325052223517559e+00
