-9.439001802625170967e-01
-4.276635577186880255e-01
1.698443160425995302e-01
6.229642789501212974e-01
8.901011141313119879e-01
1.247943549504725524e+00
1.440769941549206123e+00
1.747075618017561283e+00
1.870107932876635459e+00
1.870165208257958511e+00
1.939261670918767777e+00
2.090336870981445827e+00
2.346765398219758936e+00
2.537398949659518621e+00
2.538603744643296523e+00
2.688755371588285925e+00
2.741237169813302899e+00
2.748853355326446035e+00
2.799530553354315998e+00
2.855850659769430422e+00
