-1.095318524952745065e+00
-4.895570985609083436e-01
1.955712870767456479e-01
6.264919530076440424e-01
9.973977584813837893e-01
1.239289594341244083e+00
1.523401425911288243e+00
1.925850502397224773e+00
1.933126514253672212e+00
1.937650848070916254e+00
1.937868993962183595e+00
2.164032759486872237e+00
2.501061205191945191e+00
2.600015321790124290e+00
2.603806463426735718e+00
2.683691347847343422e+00
2.860817034648789559e+00
2.867692407991853543e+00
2.985659244011912961e+00
2.990437657252186909e+00
