-7.956570141759584658e-01
-1.918634106258423344e-01
5.235180431017170122e-01
9.985124640834328602e-01
1.396793275736285977e+00
1.660566964290296710e+00
1.975383333615127412e+00
2.399574866882858259e+00
2.401946104704165919e+00
2.412926470095044351e+00
2.438586607147499308e+00
2.671585611921500458e+00
3.068293555735635891e+00
3.119293604835092992e+00
3.130903043247485584e+00
3.218543469594578710e+00
3.434546441732436506e+00
3.466658105097167208e+00
3.577748399981828697e+00
3.581190519959136509e+00
