-4.298324400506132292e+00
-2.429121537727780833e+00
-1.718324371384895244e+00
-1.718324371384895244e+00
-1.385170036273265737e+00
-1.191380307778842962e+00
-1.191380307778842962e+00
-1.145321966741107644e+00
-1.057187006772593918e+00
-9.829169801103745385e-01
-8.997144836434927129e-01
-8.884534934441887799e-01
-7.702182065884954909e-01
-7.075432359109328218e-01
-7.053894343234645703e-01
-6.385943903092510254e-01
-6.077617041216001326e-01
-5.933975182235400325e-01
-5.183155347286003689e-01
-3.948947109551284029e-01
