-9.293405261964835518e-01
-3.357036027559843205e-01
3.550925369991091429e-01
8.150224931177945109e-01
1.188760174160051974e+00
1.457445511556670681e+00
1.743964963881808217e+00
2.169424713153148332e+00
2.169717647415836836e+00
2.174455198285158986e+00
2.183631805570257711e+00
2.418635252375224809e+00
2.782364880516979611e+00
2.866302339851245051e+00
2.871948652073115227e+00
2.968632224200973724e+00
3.159070907701789110e+00
3.161765443065633008e+00
3.285782916910193308e+00
3.289660408155668847e+00
