-1.043117939601870603e+00
-4.516525055441888981e-01
2.282851955078513129e-01
6.770691112888016505e-01
1.037019795579908532e+00
1.309194512152316747e+00
1.584341630798007827e+00
1.987485457942966605e+00
2.006648626320384210e+00
2.007478590569007793e+00
2.018860046000554576e+00
2.243958988665326615e+00
2.585426574012672063e+00
2.687214343985033338e+00
2.692054524144623429e+00
2.788127186762721976e+00
2.960065397104699514e+00
2.966666897546019754e+00
3.084420871109614382e+00
3.084809587930067210e+00
