-1.031393968765769387e+00
-5.119082941873784875e-01
7.836396224865893601e-02
5.287285209014953580e-01
7.780890797976098838e-01
1.142917966735694790e+00
1.319792452670299099e+00
1.598361459145053232e+00
1.747653305034873483e+00
1.748555889968884003e+00
1.822149314038142620e+00
1.954210394396795891e+00
2.180602037929929793e+00
2.396541787179558014e+00
2.401209843972537783e+00
2.536852829658528208e+00
2.552472276542175678e+00
2.560474508651168435e+00
2.640621972132066730e+00
2.683979931440262590e+00
