-1.075459476967807859e+00
-5.503173971483192872e-01
4.597573171849944629e-02
4.968409777793567628e-01
7.542006531002698466e-01
1.111512732783012325e+00
1.295037912699626759e+00
1.581151261110790074e+00
1.720876729177689413e+00
1.722727685941208620e+00
1.795067523144098232e+00
1.930603493463422637e+00
2.161149566833046265e+00
2.372843942681356566e+00
2.377309666342625860e+00
2.525767116349015851e+00
2.528799442185118096e+00
2.539771776911948109e+00
2.619146450644620927e+00
2.664574396050738869e+00
