-1.126248734428372700e+00
-5.887209134052682202e-01
2.867126378623652272e-02
4.761120795883471146e-01
7.589068188754026778e-01
1.096334616209787782e+00
1.301869358605472371e+00
1.619088612165796803e+00
1.726512594177620485e+00
1.726802145658439258e+00
1.785351699378225021e+00
1.944138784903771011e+00
2.204173641104716808e+00
2.386619302811595844e+00
2.390556272217509104e+00
2.527813414177217055e+00
2.581077310151158599e+00
2.605900027527241036e+00
2.642768772941053612e+00
2.704698413432197412e+00
