-4.537599778689980212e-01
3.463065120931787533e-01
1.269140737295998633e+00
1.676901328841807981e+00
2.280711356209764062e+00
2.291491453639196152e+00
2.822818273332188710e+00
2.986829931363217838e+00
3.185660198822972689e+00
3.188404945477458341e+00
3.427809242470317486e+00
3.539962196038970887e+00
3.723384945845225502e+00
3.845924046327382939e+00
3.857246945115775816e+00
4.107015042827015350e+00
4.138326986660729290e+00
4.405670333472215816e+00
4.459023024351978393e+00
4.478002211331244098e+00
