-7.828224578890967678e-01
-1.402537891062820563e-01
6.122036235782388758e-01
1.072707408326436962e+00
1.520913594486955844e+00
1.726826805883092675e+00
2.088360230806301843e+00
2.474987579213347999e+00
2.505583210730947030e+00
2.508413641950710371e+00
2.597907452531558192e+00
2.777881259820674131e+00
3.219355002401016463e+00
3.220115534809451674e+00
3.230397760934238249e+00
3.275005533366197596e+00
3.534880552285812882e+00
3.605192669645020942e+00
3.720111421868864454e+00
3.723704295316110802e+00
