-1.033441466328440583e+00
-4.999000351499489625e-01
1.132768130473778001e-01
5.640277537941074115e-01
8.467009028545362526e-01
1.186361486231362505e+00
1.393192281656411069e+00
1.713284078949072864e+00
1.818619380384916440e+00
1.818781764889536134e+00
1.877698323515687662e+00
2.040017283826273342e+00
2.305365806110785343e+00
2.482650604799346183e+00
2.486355619983442011e+00
2.622255781657258922e+00
2.686735102034617739e+00
2.719741484735095582e+00
2.743765014018208603e+00
2.807432915899880754e+00
