-1.082844218164609629e+00
-5.475310058063769247e-01
6.932823806891974527e-02
5.186282961840333883e-01
8.015107655282918131e-01
1.138688932207514881e+00
1.345131574793413165e+00
1.665792039815642056e+00
1.770810377831367077e+00
1.771122116380865918e+00
1.832151299708129955e+00
1.991109458500432083e+00
2.253751356263819616e+00
2.433364637710837997e+00
2.438188048941810848e+00
2.576905428186364588e+00
2.633567873926949687e+00
2.661793840512473253e+00
2.692371560018727905e+00
2.755925824827500037e+00
