-8.931249195088639681e-01
-2.707838201558843139e-01
4.555028418171787052e-01
9.041352601434482494e-01
1.323130796579789603e+00
1.549012453807335987e+00
1.875875525467563421e+00
2.275765949896140228e+00
2.300369802810564579e+00
2.300709682912383869e+00
2.348996386447652185e+00
2.552829290249064798e+00
2.960335399448922544e+00
3.001942831920132448e+00
3.004287766490051581e+00
3.068722365103440097e+00
3.301204803382006503e+00
3.344180865864473162e+00
3.465591199967093416e+00
3.468186037595387461e+00
