-8.532870691094558424e-01
-4.008127058155537270e-01
1.253771877214830965e-01
5.956935332524153637e-01
7.617361352677107789e-01
1.220716661041080897e+00
1.332288135220267122e+00
1.547378425504689403e+00
1.783746377495788238e+00
1.798173796404284985e+00
1.896743749723725614e+00
1.983757072481466821e+00
2.151255451822180476e+00
2.416205739674126107e+00
2.428703916999097601e+00
2.444653425648652956e+00
2.562245927494529951e+00
2.622982249283211331e+00
2.660306709269661951e+00
2.668862487267801953e+00
