-1.106520910143444780e+00
-5.681337169626203831e-01
4.518762328007142060e-02
4.954246558809245471e-01
7.775290136632975191e-01
1.114767954903072678e+00
1.320547974584769690e+00
1.637125904439017177e+00
1.744370655535021797e+00
1.746326144369959366e+00
1.806069134672725340e+00
1.963481192942708731e+00
2.222553219497058308e+00
2.405761021607759176e+00
2.410095040737360250e+00
2.547743744409672217e+00
2.600709385722439038e+00
2.627966447238577530e+00
2.663096699772722786e+00
2.723855766827909974e+00
