-8.636650887502810292e-01
-4.703387342602809440e-01
-2.372711437493535414e-02
4.516019447584653790e-01
5.211718802868006151e-01
1.076776865305447473e+00
1.098594457575700289e+00
1.205933793481591465e+00
1.560565996150387491e+00
1.569947093993931730e+00
1.747845882632361736e+00
1.750251678501598462e+00
1.854116740259598828e+00
2.057831349361265438e+00
2.204177873492398021e+00
2.236011627241566657e+00
2.263434893750599031e+00
2.370880387084440599e+00
2.408002193861563001e+00
2.449472231624270080e+00
