-6.452913534488970981e-01
-5.459522787728587900e-02
6.718181390428128452e-01
1.182866169721449978e+00
1.544587668372912503e+00
1.870422703609136761e+00
2.179341269295179018e+00
2.581641690971508751e+00
2.601315570897583029e+00
2.651533727270503960e+00
2.665988736923196711e+00
2.886054668523712508e+00
3.255775754192654858e+00
3.303630142057784269e+00
3.311215353506298698e+00
3.451411408529224900e+00
3.617392005457077175e+00
3.637264721508955745e+00
3.744952644242374618e+00
3.748415644766510013e+00
