-1.127337036465178244e+00
-5.619733917556004599e-01
8.714887897076550871e-02
5.377989448606967926e-01
8.579582326419767924e-01
1.164409560857166070e+00
1.401875722120166756e+00
1.758671071875141934e+00
1.826219444606977049e+00
1.826507055506226607e+00
1.866665188659681007e+00
2.053551338991383091e+00
2.348124801552330609e+00
2.497218248063290957e+00
2.501404152899340261e+00
2.623398713411006611e+00
2.723285626263532322e+00
2.764681630716950167e+00
2.792145534622250125e+00
2.848264275286055636e+00
