-8.896190727431303458e-01
-4.728072632965449884e-01
-2.281737066340383535e-02
4.445722550764230618e-01
5.077639926120127711e-01
1.030354156255611997e+00
1.040028910854573496e+00
1.088817286415803665e+00
1.506907834537344115e+00
1.507221843085403634e+00
1.631543568702227276e+00
1.643051061463665974e+00
1.663696604643234878e+00
1.746988524355003847e+00
2.066419549727754656e+00
2.091646946690559616e+00
2.101489814397893952e+00
2.201833267644815351e+00
2.213723850286157813e+00
2.245626925973226662e+00
