-1.126107246200263035e+00
-5.606152284599374980e-01
8.859288192616077140e-02
5.391163727545063011e-01
8.594324202640564181e-01
1.165612903751025442e+00
1.403208451331011020e+00
1.760114563287061173e+00
1.827470834141422529e+00
1.827759735759173054e+00
1.867798928898992017e+00
2.054771870396507438e+00
2.349423845764249563e+00
2.498379662494699005e+00
2.502569883647083770e+00
2.624490569920453709e+00
2.724455729920009617e+00
2.765825953494640999e+00
2.793492605203937273e+00
2.849467676656786352e+00
