-7.244852378943278381e-01
-6.866431262562855409e-02
7.056077985098454519e-01
1.166308037041744683e+00
1.635828569900468210e+00
1.827346719949673570e+00
2.207710521236663226e+00
2.575254780557429513e+00
2.636289631801446376e+00
2.644309616537952934e+00
2.756038700726890056e+00
2.904224681407754360e+00
3.329932588532869886e+00
3.341207746427585334e+00
3.362435002107417858e+00
3.369888641167221977e+00
3.666057566380231947e+00
3.744985898538288893e+00
3.837773877492395513e+00
3.843882507945522775e+00
