-9.209301437419981085e-01
-4.232614494901554281e-01
1.527406513309870206e-01
6.115736154081332643e-01
8.456090687050163979e-01
1.240756661633895419e+00
1.407709963408933618e+00
1.683505855370867721e+00
1.841842662287945132e+00
1.842067920057161245e+00
1.929072357404947979e+00
2.064050996966670937e+00
2.298696798040055000e+00
2.513110233951692862e+00
2.513958765291135933e+00
2.671034696328661084e+00
2.678478672643223035e+00
2.687453767739498289e+00
2.772784602455885761e+00
2.807347041341699878e+00
