-1.057624956061772536e+00
-4.833314611714740749e-01
1.823616625224531163e-01
6.332416091463528574e-01
9.716935397646011552e-01
1.264631515061410028e+00
1.518960178540510242e+00
1.900731569767231122e+00
1.942906953081546817e+00
1.943259244852015399e+00
1.974837011688578059e+00
2.177852817259918083e+00
2.495221062968994374e+00
2.621636178066182765e+00
2.626740750682074577e+00
2.739668983775118249e+00
2.871661113751542871e+00
2.897049776180210756e+00
2.969144610533476225e+00
2.996199030452771694e+00
