-7.053968450910019783e-01
-9.609609371392480170e-02
6.322520609051593965e-01
1.112310307391965125e+00
1.532270661586437654e+00
1.809101660983174042e+00
2.122562961814594473e+00
2.543757758229673982e+00
2.545039261606859782e+00
2.566606630757462426e+00
2.580768568765847704e+00
2.828854523995460113e+00
3.245928286336663859e+00
3.260456887159648431e+00
3.273656221882902173e+00
3.395729045811890501e+00
3.600694790778220522e+00
3.616561261431513685e+00
3.716935477014772005e+00
3.730112943036544948e+00
