-8.654678209992425764e-01
-3.811877903259528466e-01
1.768072911494300570e-01
6.430493609045697667e-01
8.608917355891207990e-01
1.263638682102509847e+00
1.420261123024374683e+00
1.676656591761116033e+00
1.850216005863785540e+00
1.852691080508861887e+00
1.957198516123867194e+00
2.071416438193864451e+00
2.280411345605102724e+00
2.513683643105309784e+00
2.526764892513028826e+00
2.664515868489729655e+00
2.695332457289964623e+00
2.699259236161424269e+00
2.774505213773522883e+00
2.797554361875199902e+00
