-8.460789454281893995e-01
-2.144175323001036304e-01
5.232685265100371907e-01
9.747700171187716478e-01
1.404427307266814751e+00
1.628143599681607157e+00
1.967695370846968217e+00
2.358817444152009557e+00
2.392290081857481709e+00
2.394959141396611813e+00
2.456839806581001540e+00
2.655089939180015790e+00
3.084053249405087627e+00
3.101994705296874599e+00
3.103755782414282294e+00
3.158981983109242719e+00
3.410874893070058533e+00
3.456490821698253058e+00
3.582408226576944799e+00
3.583395801242659218e+00
