-9.083504535242354905e-01
-4.045205728468772577e-01
1.781714855558220734e-01
6.341760974607950629e-01
8.779416881263841788e-01
1.261784112718260076e+00
1.437178733709060907e+00
1.722548849369331947e+00
1.868723669689188682e+00
1.869002423020901915e+00
1.949510108718641277e+00
2.092178242574618707e+00
2.335299971945232755e+00
2.539165340835779716e+00
2.539987481988873697e+00
2.698628205035220162e+00
2.716642031406536262e+00
2.720725235577674539e+00
2.800302286874739366e+00
2.841020256998490368e+00
