-1.106715780373633606e+00
-5.381446939063607715e-01
1.173152508526982274e-01
5.662860191732761450e-01
8.918009963890654035e-01
1.195702435008570319e+00
1.438157377971947426e+00
1.802225616625946714e+00
1.861748150866333162e+00
1.862073662436159793e+00
1.898135641826229403e+00
2.090905946493876399e+00
2.392692376179184066e+00
2.534794488568877568e+00
2.538899090843187878e+00
2.656704936103778891e+00
2.767241058008949040e+00
2.803893367577984463e+00
2.845032519438973395e+00
2.892491980539489305e+00
