-9.663372644742018736e+00
-5.733507798157774005e+00
-5.454774410788388650e+00
-5.355966982109329422e+00
-5.054208255088234125e+00
-5.032879186011541606e+00
-4.964836649330614193e+00
-4.609941784733372572e+00
-4.543941705658077979e+00
-4.455835177401368696e+00
-4.354126354425304157e+00
-4.292512126102323577e+00
-4.265858590755421176e+00
-4.155337237344454593e+00
-3.915797819884573983e+00
-3.822768735668773843e+00
-3.759135851645616810e+00
-3.468393112905332032e+00
-3.454344306621351279e+00
-3.220300261638556094e+00
