-1.113825617096154019e+00
-5.873716359055833891e-01
1.266213555936701596e-02
4.632450057906680740e-01
7.245366515562636778e-01
1.078928358430857770e+00
1.264554389155819081e+00
1.555160541676741559e+00
1.691535084362840280e+00
1.691843538399552926e+00
1.762909424876852427e+00
1.901403287891298532e+00
2.135796369155286811e+00
2.343995198352786247e+00
2.348111782303021755e+00
2.496207827309262939e+00
2.505123017333971802e+00
2.513669770130945835e+00
2.591290955977456179e+00
2.638541315413021948e+00
