-8.451402505436362844e-01
-2.419698284870719363e-01
4.683306559229549748e-01
9.297887441782677342e-01
1.322362328319286462e+00
1.588218617322809223e+00
1.892943507479913023e+00
2.321092780882054285e+00
2.321406210149916660e+00
2.323052151914225760e+00
2.346278502192944870e+00
2.583581711205624742e+00
2.978154255067011036e+00
3.034454054571824599e+00
3.035164532879207400e+00
3.123484577310591703e+00
3.340917861115030973e+00
3.356669848695901237e+00
3.480978082490537417e+00
3.481893355055490247e+00
