-5.778926224691076641e-01
9.691778593347066817e-02
9.071852835279514693e-01
1.380656594167959383e+00
1.840606023124649937e+00
2.042073549431080437e+00
2.442482088353415293e+00
2.807556089304171110e+00
2.828643207363597867e+00
2.838886044128997810e+00
3.005245490747682879e+00
3.110389152062168705e+00
3.523007336425138192e+00
3.535990572927033782e+00
3.574751385521722113e+00
3.594888760000827688e+00
3.836750923043268813e+00
3.941645515279446954e+00
4.093688749895591172e+00
4.094429683461385139e+00
