-8.906966533870672720e-01
-2.924687223865021224e-01
4.103646819753521413e-01
8.678807141254765156e-01
1.255356348540090039e+00
1.517719491167326851e+00
1.815051255733123980e+00
2.242560107179315310e+00
2.242907586736237135e+00
2.246612797648822379e+00
2.257613246914388583e+00
2.494718823856828749e+00
2.872993228181030645e+00
2.946265888278276179e+00
2.948757591939511258e+00
3.041191060558276149e+00
3.244436673953714489e+00
3.261947616892030055e+00
3.381526509775312661e+00
3.383870353971815348e+00
