-1.065824677667478682e+00
-5.318739563845156226e-01
7.975328048269147985e-02
5.316122352451202460e-01
8.107546611390716862e-01
1.153418074012733996e+00
1.357544545664495672e+00
1.674599460577155696e+00
1.783939007473236416e+00
1.784765295533361495e+00
1.845112370912829647e+00
2.003881459790136432e+00
2.266820640579680912e+00
2.447033746168017387e+00
2.451767844700952992e+00
2.592350148554032785e+00
2.648388699481074582e+00
2.673359873046138091e+00
2.706803775687149027e+00
2.769134954725814168e+00
