-1.082906492545589572e+00
-5.088844652382249478e-01
1.485059760525473393e-01
6.002743262069998309e-01
9.324376855329319369e-01
1.229942989637493156e+00
1.478818814808619209e+00
1.850346548097149935e+00
1.901140208123251796e+00
1.903105754077841993e+00
1.936375527908239746e+00
2.133430590027273865e+00
2.441559744911501184e+00
2.577117600270867115e+00
2.581658225142746232e+00
2.696299157807516167e+00
2.816631726611376507e+00
2.849308490989642451e+00
2.906073893500433769e+00
2.941367600029479945e+00
