-9.645893978495223564e-01
-3.749454172429977916e-01
3.107291008964239154e-01
7.658144671049740282e-01
1.128540847198564734e+00
1.405340279756273958e+00
1.683893585250189062e+00
2.099925787845677405e+00
2.105952354490000289e+00
2.106770934846281307e+00
2.124515701469135820e+00
2.351266665308685333e+00
2.701830873581457126e+00
2.798155297367884486e+00
2.801805245460855076e+00
2.899188644108107837e+00
3.079550808927706385e+00
3.084442822391793015e+00
3.204513851307638106e+00
3.205466581739528920e+00
