-1.083602441336552147e+00
-5.099423622486938257e-01
1.471379484210046940e-01
5.991117208723153453e-01
9.308165604961686768e-01
1.228930037792451913e+00
1.477393561726785265e+00
1.848520607967657270e+00
1.899822300099913264e+00
1.901788680654135533e+00
1.935455708127847174e+00
2.132134462979593081e+00
2.439901286528765922e+00
2.575901812328083906e+00
2.580444346072908957e+00
2.695444484852487221e+00
2.815142888870468596e+00
2.848099637230916414e+00
2.904082687979098409e+00
2.939827688387595117e+00
