-9.667531864624834270e-01
-3.776815580849870457e-01
3.075611471431329846e-01
7.630742602414102294e-01
1.125093168461717141e+00
1.402965342754214362e+00
1.680895681554829935e+00
2.096363175044643867e+00
2.103189137759727600e+00
2.104007324167469051e+00
2.122385021237278124e+00
2.348614873257247382e+00
2.698697424699275871e+00
2.795679622104216833e+00
2.799323490537062753e+00
2.897231428314626100e+00
3.076793297485892253e+00
3.082042389337402710e+00
3.201656597459987097e+00
3.202609751108866476e+00
