-7.001730607510125992e-01
2.540256749011859938e-02
8.529755708295851946e-01
1.274820839729386535e+00
1.826816481286755334e+00
1.898564252365645189e+00
2.356625939757009291e+00
2.624968456684428020e+00
2.753033106865132140e+00
2.755652840510947499e+00
2.959464293884366271e+00
3.016574909494920576e+00
3.404948302045113451e+00
3.442676402588858764e+00
3.450511418388373386e+00
3.546548142358574296e+00
3.749149977264210065e+00
3.897635036232486527e+00
4.021830299355769966e+00
4.025492047452644329e+00
