-6.540006837510929927e-01
-6.519808642636348850e-02
6.604381369066913976e-01
1.174166675906377577e+00
1.532983602107833576e+00
1.864254990022146785e+00
2.171064827035394273e+00
2.574292551077945745e+00
2.594102653301405326e+00
2.641545277987347617e+00
2.661739247612729287e+00
2.879822749247097136e+00
3.247880779689779729e+00
3.297706038572925991e+00
3.305545947502395165e+00
3.448095371224951577e+00
3.612712596328748305e+00
3.631130316961616700e+00
3.738480392813670505e+00
3.742062348785339054e+00
