-8.790235633776006807e-01
-5.794311706794843531e-01
-2.160366974248830729e-01
2.260872736894299351e-01
2.984439453893372729e-01
8.213850911742071048e-01
9.006888263992323118e-01
9.183331258692248866e-01
1.290936263208934065e+00
1.333542079918046852e+00
1.412360493565429920e+00
1.431758960951484028e+00
1.480659114786945452e+00
1.606379416267444071e+00
1.832441295475547349e+00
1.907291758955850014e+00
1.928155008433250828e+00
1.967608967539561604e+00
1.992960669894628722e+00
1.994987478928237579e+00
