-5.564919797281504543e-01
2.269403767849098585e-01
1.111849872734580913e+00
1.520504478251439195e+00
2.153469283405684109e+00
2.154379530385199359e+00
2.659461227475162559e+00
2.858191480843629506e+00
3.041899463976164952e+00
3.043473151335433613e+00
3.301533431628797643e+00
3.321907728331098042e+00
3.631593892003195378e+00
3.706962553095252133e+00
3.709948730649955451e+00
3.903661871016140594e+00
4.017494873982116133e+00
4.229810594571461024e+00
4.317448465621396281e+00
4.323148979189795682e+00
