-1.057120926136121852e+00
-4.821727276485034963e-01
1.841063141382619506e-01
6.346630085517972475e-01
9.739520853654539678e-01
1.265837137783819344e+00
1.520928484447722440e+00
1.903454712435632246e+00
1.944719948463898618e+00
1.945071153040771605e+00
1.975911765994169400e+00
2.179649429070195765e+00
2.497719707831492997e+00
2.623315623639427940e+00
2.628413750529944082e+00
2.740647199632803677e+00
2.873913348228597897e+00
2.898732115245366003e+00
2.972311631596312509e+00
2.998535882725263946e+00
