-9.336312156247004168e-01
-3.199650797214417253e-01
3.900213390816134051e-01
8.425732314199194661e-01
1.242712185390701052e+00
1.480850474019007379e+00
1.791870095585181843e+00
2.204980088469710608e+00
2.214684543582279730e+00
2.214767121623481216e+00
2.247723856549782795e+00
2.464259616156141419e+00
2.852067213796999567e+00
2.909745352433674270e+00
2.915149637087324663e+00
2.988582669428524241e+00
3.203341919336708088e+00
3.226414827416647313e+00
3.352911054493688425e+00
3.356698972583672003e+00
