-1.002085839029405179e+00
-4.722311180989891000e-01
1.390054440225867438e-01
5.904269671937072417e-01
8.682724977406905964e-01
1.211408917710286914e+00
1.416570730248167820e+00
1.737660965789473266e+00
1.839529483731894288e+00
1.840313154183149891e+00
1.904075358877435065e+00
2.063028654695699515e+00
2.328714803657931043e+00
2.505783238896583498e+00
2.508840116817282251e+00
2.646960574629247276e+00
2.710469543035742390e+00
2.746390751210128656e+00
2.767210547155173117e+00
2.830924892896291567e+00
