-1.036246930674678879e+00
-4.570079996119602583e-01
2.114522020765434718e-01
6.650071867825317895e-01
1.009217215299941017e+00
1.299775269988458604e+00
1.560259083229539101e+00
1.948681888919963967e+00
1.984489883579954039e+00
1.985368059373286087e+00
2.010883774906687904e+00
2.221529950122203445e+00
2.548752782468000078e+00
2.666256280919697019e+00
2.671279645825052285e+00
2.781279056742278044e+00
2.926440349599943147e+00
2.945183872339839581e+00
3.033766123871828313e+00
3.049484115592349553e+00
