-6.644225588954100203e-01
9.821887837119902542e-03
7.988669844807532172e-01
1.255575910000629847e+00
1.758751897103024930e+00
1.936803978505224677e+00
2.322313899114476499e+00
2.679324164231104533e+00
2.731024622183383599e+00
2.731581090956240132e+00
2.855541846294215702e+00
3.010418891566700950e+00
3.431285980581719741e+00
3.437955713128701518e+00
3.489715431139700286e+00
3.496290715199222632e+00
3.763105834474515632e+00
3.851891947806734606e+00
3.960416685923576097e+00
3.964315015395470709e+00
