-8.498616013999082952e-01
-4.462649464505545893e-01
1.224374443157216774e-02
4.843776612950136951e-01
5.701452369526975872e-01
1.110232026170365316e+00
1.145621502975444628e+00
1.266054339316326605e+00
1.602485308870456038e+00
1.611394625661631608e+00
1.784900690796717981e+00
1.794649293463550066e+00
1.913179104501921302e+00
2.128397928369651027e+00
2.246809084901485676e+00
2.278211053847343237e+00
2.316696578145126750e+00
2.424658828325760851e+00
2.460749752307293647e+00
2.497893624358084708e+00
