-7.869081811986688990e-01
-1.804441309681124039e-01
5.368850166394167900e-01
1.009643507068972212e+00
1.411233893830399211e+00
1.669714856836662875e+00
1.987451324092262439e+00
2.410510034037770311e+00
2.412826164866260115e+00
2.420641803017133498e+00
2.453246300098157917e+00
2.681700730971556368e+00
3.080657286490009028e+00
3.128581413896654340e+00
3.140138698625946745e+00
3.225152619841651358e+00
3.443214008194217968e+00
3.477047895621922180e+00
3.588735731631118142e+00
3.592131836600287897e+00
