-8.678453119910045643e-01
-1.943039214602322318e-01
5.696125085337371274e-01
9.930334322880298714e-01
1.469535140078278346e+00
1.608761153413524880e+00
1.990502073124844173e+00
2.318727213810689136e+00
2.399025176616760291e+00
2.399168549965452257e+00
2.515784642692324269e+00
2.644107763990177773e+00
3.078761606231182668e+00
3.083770207310863043e+00
3.091398089874928701e+00
3.096540016929338890e+00
3.369606198901237804e+00
3.447905357347735844e+00
3.581665404296472843e+00
3.585129737475654110e+00
