-9.802477221933258988e-01
-4.737854335899100988e-01
1.035087327554720105e-01
5.547404193653164839e-01
7.825177854901994579e-01
1.165185318075145915e+00
1.324891962027322734e+00
1.581018981788020028e+00
1.753210520081665891e+00
1.754062018770127906e+00
1.841333964101977472e+00
1.955081637309831422e+00
2.159807264545634098e+00
2.398938871284826746e+00
2.401876376943619107e+00
2.494645345313074358e+00
2.542057700196892256e+00
2.561386688629227137e+00
2.635450173706431087e+00
2.667216463070417376e+00
