-9.739934638164413627e-01
-4.510251384663206409e-01
1.494180327981666778e-01
6.051378784973167058e-01
8.749097707350301789e-01
1.225660147944836353e+00
1.422283743384014087e+00
1.736807138488074997e+00
1.849497565440742619e+00
1.849898352061700280e+00
1.919317009021597187e+00
2.071609958430599363e+00
2.331446079803299654e+00
2.514959668260871695e+00
2.520019414428588789e+00
2.665978172559334780e+00
2.716797430630322197e+00
2.741053094925518963e+00
2.777446010338280757e+00
2.835128630824783613e+00
