-8.919325846911760891e-01
-2.936677640348079876e-01
4.092788196830952074e-01
8.669181650891459867e-01
1.254472169302971452e+00
1.516915759562607491e+00
1.814337723685639503e+00
2.241946049127818696e+00
2.242292590329498125e+00
2.245933645478771723e+00
2.257046379561643334e+00
2.494185412890374209e+00
2.872634580003932570e+00
2.945805884404308017e+00
2.948291149245733322e+00
3.040611029824731304e+00
3.244055235776158952e+00
3.261746778347060172e+00
3.381292705300893431e+00
3.383640215150080621e+00
