-7.644423135045599338e-01
-5.615486276246883790e-02
7.497657227254421741e-01
1.165247023728625209e+00
1.691165065859649985e+00
1.789497339561876288e+00
2.219130319884925484e+00
2.501137231821985552e+00
2.625435177468943948e+00
2.628870207788395419e+00
2.796576231664857914e+00
2.880363967908124323e+00
3.285812568693927460e+00
3.312184610079157210e+00
3.314491415875181701e+00
3.390969399878713375e+00
3.617170190236038252e+00
3.736200514999381994e+00
3.867330745010804094e+00
3.868350142345434506e+00
