-1.082936115208212868e+00
-5.477140022157982457e-01
6.916086362434725743e-02
5.179693582595064072e-01
8.014003848511492833e-01
1.137485476996516809e+00
1.344472420170859550e+00
1.665763648763459059e+00
1.769609484566899482e+00
1.769918670190236298e+00
1.830330724153100164e+00
1.989904894920982770e+00
2.253187670497936779e+00
2.431621076522787916e+00
2.436429403087458923e+00
2.574404900271474617e+00
2.632554123078080011e+00
2.661875103118291008e+00
2.690571731547606760e+00
2.754741420971186017e+00
