-1.066418263866580673e+00
-4.819707314400147879e-01
1.934151871009817114e-01
6.403974488039239077e-01
9.920292503702512477e-01
1.269724399673577864e+00
1.536254302156521589e+00
1.930516562255434110e+00
1.958647508812646265e+00
1.958967802011102322e+00
1.978780031120550120e+00
2.193920081435862812e+00
2.523266271031388897e+00
2.636485311937576625e+00
2.641418177987361560e+00
2.742663977371194051e+00
2.897217488714886713e+00
2.912380143487098394e+00
3.009113331299886340e+00
3.022818655266746646e+00
