-8.391069045261474457e-01
-3.794451649519032799e-01
1.556653026813137330e-01
6.221334852564837092e-01
8.021926006477428928e-01
1.245090189221059518e+00
1.368830733405559386e+00
1.598614312118229464e+00
1.815123785524633604e+00
1.829147696916038512e+00
1.920363161999318891e+00
2.018276355341924955e+00
2.198715118959228221e+00
2.449234670287978588e+00
2.459315819795165226e+00
2.502869696838672553e+00
2.604004811417098608e+00
2.645933548509901811e+00
2.701401614102621807e+00
2.709751587871380707e+00
