-9.121894921709099435e-01
-2.516925223835642100e-01
4.975916447501731454e-01
9.204965311910200398e-01
1.373098579453653656e+00
1.536956098747396027e+00
1.898737786723359022e+00
2.241333939753531013e+00
2.305562643581652083e+00
2.306290546545824327e+00
2.398432663507264806e+00
2.547237403162398550e+00
2.975999731270349002e+00
2.982846578590397257e+00
2.985913647155939543e+00
3.005110259238790604e+00
3.267864449000626337e+00
3.329461719854407420e+00
3.462909832230252505e+00
3.463290804343159834e+00
