-9.730715896612309734e-01
-3.675444489108485868e-01
3.332242011401831405e-01
7.827110952975999680e-01
1.166027296743777697e+00
1.419379388837114675e+00
1.717157429029612103e+00
2.136964599160819489e+00
2.137135960127125145e+00
2.137913459188894194e+00
2.153292205391153402e+00
2.382875183006035513e+00
2.752682701084268047e+00
2.828261632922476565e+00
2.831623136569760391e+00
2.910386798625950178e+00
3.115293258286328637e+00
3.126870643615802692e+00
3.253716410665219883e+00
3.254475753941733274e+00
