-1.016900761702345335e+00
-3.903095105615648208e-01
3.224634588423214154e-01
7.482588553903042339e-01
1.153154902100141044e+00
1.361958612314992934e+00
1.677255777925893199e+00
2.061206820446386700e+00
2.088778788651325158e+00
2.089057650282484246e+00
2.119351846175050014e+00
2.321801979998781462e+00
2.695389749333116924e+00
2.756268714168982115e+00
2.760920301390797249e+00
2.818008257947440143e+00
3.031357576428490574e+00
3.052526837345794775e+00
3.183207366784699843e+00
3.183331023925347836e+00
