-1.095691069076565327e+00
-5.709127587579132523e-01
2.968318754938081838e-02
4.784626528780790977e-01
7.378176301463099662e-01
1.094756176498776767e+00
1.279037602445896482e+00
1.568010297178261681e+00
1.705480934175284347e+00
1.705758411415445153e+00
1.776898852840531617e+00
1.914832861912145745e+00
2.148467924198484980e+00
2.357403169920871733e+00
2.361490104416589020e+00
2.509087303635169519e+00
2.515712771190010244e+00
2.525975543212553021e+00
2.603719029615604086e+00
2.650696024418721208e+00
