-1.126834789130953141e+00
-5.890231156408844981e-01
2.848709368481650017e-02
4.762252587170223705e-01
7.587423228505940642e-01
1.096833706134930253e+00
1.302088664033362875e+00
1.618891368278127629e+00
1.727193514874670655e+00
1.727484066275792429e+00
1.786307522052084096e+00
1.944770370682817884e+00
2.204397676174266962e+00
2.387708370268228464e+00
2.391651128000376048e+00
2.529276347999257268e+00
2.581648999617755180e+00
2.605640858888364164e+00
2.643852696179237682e+00
2.705464616999961436e+00
