-1.030558928061509505e+00
-4.965638450166807161e-01
1.169066228712836164e-01
5.672052516620169627e-01
8.504303031031668070e-01
1.189134979148548155e+00
1.396433828245790210e+00
1.716910000382085855e+00
1.821588702558074147e+00
1.821748031985407579e+00
1.880196591101594095e+00
2.042869677273301932e+00
2.308513393735665886e+00
2.485287384578441561e+00
2.489001705342161586e+00
2.624548103935921972e+00
2.689449086818058277e+00
2.723057230615268054e+00
2.746322082519327523e+00
2.810259368287916004e+00
