-9.982400893868543790e-01
-4.132505867901272723e-01
2.644645793179734028e-01
7.172470319701460539e-01
1.073296095633850200e+00
1.354190127201036375e+00
1.625054182377425604e+00
2.026942154232528992e+00
2.048532561265346885e+00
2.048609900577503140e+00
2.067364931926022109e+00
2.288723345992366376e+00
2.627617204844682419e+00
2.733706734626139223e+00
2.737548822264216142e+00
2.838396300603562850e+00
3.004738545859254373e+00
3.016295838118821848e+00
3.128280268542766862e+00
3.129708665371254028e+00
