-9.519848427171382355e-01
-3.034487247387005482e-01
4.316117850103182718e-01
8.549666715989587829e-01
1.290849089298717445e+00
1.470703543286617787e+00
1.816059329560630431e+00
2.170698544965489418e+00
2.225481377709002118e+00
2.225569191104113997e+00
2.291929087566131784e+00
2.462709656752849696e+00
2.871049350541397871e+00
2.897346716647007270e+00
2.900408569629689737e+00
2.932245115228397481e+00
3.179140954456670443e+00
3.226270218347963237e+00
3.357065941394466790e+00
3.358329084276192589e+00
