-9.860488655976951122e-02
8.067142587970010936e-01
1.777216362057515653e+00
2.255857421569089638e+00
2.824096573764109053e+00
3.096589972123183543e+00
3.388130176546837902e+00
3.926597934645542409e+00
3.932507937377522467e+00
3.943647688960481901e+00
4.143403353129542666e+00
4.230741358278464759e+00
4.555624441680265591e+00
4.873773124745639507e+00
4.887769965473125922e+00
4.916072640349739231e+00
5.131549524077854585e+00
5.161184493113978533e+00
5.162711858065449633e+00
5.248817342948314035e+00
