-9.751066042736056261e-02
8.115062578435754403e-01
1.785959842414740706e+00
2.263191430982260499e+00
2.835864249598671449e+00
3.102623082337231608e+00
3.398993191898625810e+00
3.936488240706239594e+00
3.942368511874519754e+00
3.959362408349988982e+00
4.148153763992013410e+00
4.240337604947853833e+00
4.570187617282499559e+00
4.882806159650499467e+00
4.896761639403848676e+00
4.929767706536949845e+00
5.151210956035356503e+00
5.174887731478520436e+00
5.176389279484283179e+00
5.257741362278466113e+00
