-9.503982064597948920e-02
8.085455676828132709e-01
1.777283288958642515e+00
2.256063286813514424e+00
2.822091378377081128e+00
3.095753241546844947e+00
3.385901710778853158e+00
3.923803197210872895e+00
3.929643203400701168e+00
3.939214366757369135e+00
4.141878925614946638e+00
4.227891316510067554e+00
4.550781814772562939e+00
4.870774381222872762e+00
4.884788990873857983e+00
4.911415756349015282e+00
5.125039356315028272e+00
5.156295072820284986e+00
5.157792806799989194e+00
5.245251246786210686e+00
