-6.538711029304522526e-02
8.433020401080852935e-01
1.826435884454156167e+00
2.309617709703900346e+00
2.892494620354170820e+00
3.156890125680774872e+00
3.462969541846575794e+00
4.005025312251120795e+00
4.011362935012243724e+00
4.046067810341355653e+00
4.212365289417618897e+00
4.316768539123131632e+00
4.665718646386835644e+00
4.965713588073697338e+00
4.979252609446689348e+00
5.039079861420475481e+00
5.281378307747047529e+00
5.282946732008213075e+00
5.285725419152754512e+00
5.349182554019137115e+00
