-1.013513601064914837e-01
8.034315883196541108e-01
1.773491237188864034e+00
2.251964275586942676e+00
2.819000899180537090e+00
3.092384417315770406e+00
3.383139720121107530e+00
3.921278193032776471e+00
3.927179265432641841e+00
3.937594133334641811e+00
4.138462573748256546e+00
4.225215240920078941e+00
4.549189100667717867e+00
4.868132858027820475e+00
4.882152128026064020e+00
4.909422649710904807e+00
5.123825164489971939e+00
5.154504852282116190e+00
5.155999944370705634e+00
5.242836065765004605e+00
