-8.345494096943184559e-02
8.202575289187734597e-01
1.789433459285646677e+00
2.268224771984705512e+00
2.835559555852341873e+00
3.108693536851433237e+00
3.400041525543883836e+00
3.939593755326995961e+00
3.945344914996894659e+00
3.956099733384917272e+00
4.156464891430687203e+00
4.243852043587139633e+00
4.569754753898678246e+00
4.888747968226198282e+00
4.902887403667364197e+00
4.931951452562543636e+00
5.149141177264937141e+00
5.176797910342656905e+00
5.178990458630323701e+00
5.264676340650566999e+00
