-8.996446114815626061e-02
8.159005507327492523e-01
1.787636363367255399e+00
2.267166587821520807e+00
2.836990730615525536e+00
3.109580562450901198e+00
3.402690818865721667e+00
3.941690766873307439e+00
3.947512870896844106e+00
3.962072602158968948e+00
4.157821517529100674e+00
4.246571430486255849e+00
4.574805178265251016e+00
4.891571838912113890e+00
4.905580435991851118e+00
4.936656333336031821e+00
5.156512778096839611e+00
5.182390757880966703e+00
5.183486401239861152e+00
5.268024326954218850e+00
