-8.159245570550410775e-02
8.270512717060682917e-01
1.803503018715673534e+00
2.282887301936625590e+00
2.859131888410502143e+00
3.126797764535012902e+00
3.425683524798387225e+00
3.967271248504857795e+00
3.973608245092918878e+00
3.993557822345792374e+00
4.178356630251300885e+00
4.273171096203441266e+00
4.609916415216048335e+00
4.919863440465178428e+00
4.933776609414962877e+00
4.971641428443035693e+00
5.205325366521947217e+00
5.219487306911787527e+00
5.221542377768628285e+00
5.299281546030215395e+00
