-4.576324655613461800e-02
8.528325212676577394e-01
1.813566978470447566e+00
2.292011154035833442e+00
2.852286514287527552e+00
3.137416438487704795e+00
3.422154517661041950e+00
3.959389297697441634e+00
3.967599669123956119e+00
3.973858859219447481e+00
4.174888893256408551e+00
4.248593790021601535e+00
4.579937182744998836e+00
4.908513616277289771e+00
4.928408881795832031e+00
4.961147342292619555e+00
5.183499348057594602e+00
5.195168184060136696e+00
5.224733379633050845e+00
5.292824251273586356e+00
