-6.014617452325410341e-02
8.417811121124998408e-01
1.810861545491377456e+00
2.291234973428572630e+00
2.859296778492279145e+00
3.132067362243276420e+00
3.425219176428498713e+00
3.964520701966193883e+00
3.968452470998357740e+00
3.988269412790515389e+00
4.185456374987779782e+00
4.272903970759955428e+00
4.606468961991936339e+00
4.918539219485808189e+00
4.934853273661076400e+00
4.970287672327799555e+00
5.199358562671903883e+00
5.212028753204094755e+00
5.213218294460773450e+00
5.290142371999792203e+00
