-4.403845342706347310e-02
8.534182109690391371e-01
1.804857233925346804e+00
2.278927448137608280e+00
2.819484369790600908e+00
3.114038144528279872e+00
3.381524231245393253e+00
3.892194073190694326e+00
3.906856359956663027e+00
3.917019588229734950e+00
4.133692473494974706e+00
4.191488081216547812e+00
4.482546669405550688e+00
4.822577166884357780e+00
4.838207218529646525e+00
4.853824251789802702e+00
5.017362263394076649e+00
5.066161160340882930e+00
5.090215946978688066e+00
5.190465232585694366e+00
