-9.568045959531445988e-02
8.080416711818543263e-01
1.776682715597416973e+00
2.254779426461027469e+00
2.820189143356401473e+00
3.094605529055115767e+00
3.383982624553027563e+00
3.921699038921360625e+00
3.927617774912505411e+00
3.936392140232783277e+00
4.139848779377643950e+00
4.225318847231392283e+00
4.547644189922721125e+00
4.867537284884747351e+00
4.881544315307110082e+00
4.907440119466627948e+00
5.119943494846665999e+00
5.152355482423445210e+00
5.153801156215195078e+00
5.241778905561659485e+00
