-8.086090967390191508e-02
8.229190031213420298e-01
1.792085637980108004e+00
2.270383166532610630e+00
2.838042046371356264e+00
3.111940382580996811e+00
3.403280897824060958e+00
3.943165003857075135e+00
3.949458207529687570e+00
3.960295939628167616e+00
4.160400348240955282e+00
4.247831110672905197e+00
4.574963502497212176e+00
4.892262828130014896e+00
4.906096002658159705e+00
4.935344661195813387e+00
5.157229841001026216e+00
5.182341468369259019e+00
5.184150316863679109e+00
5.269763779022241579e+00
