-9.420890736328146886e-02
8.109551434172317386e-01
1.782377752688262262e+00
2.261510025673487689e+00
2.829826413568298449e+00
3.102482493019124377e+00
3.394290111285954481e+00
3.933484787385168602e+00
3.939397539390483871e+00
3.951918877341086045e+00
4.149903269473725231e+00
4.237860992625428480e+00
4.564071285110912868e+00
4.881991429012487060e+00
4.895997000325223780e+00
4.925116662427171832e+00
5.141965412387435208e+00
5.170369435420070658e+00
5.171909291017072974e+00
5.257545664891949855e+00
