-6.069500980194675321e-02
8.502751796379754978e-01
1.835371273197694109e+00
2.319197746072802602e+00
2.907018243642824018e+00
3.167163379548128432e+00
3.476498079563583588e+00
4.021026277945708216e+00
4.025517232093591247e+00
4.066499058175054415e+00
4.228630634133764943e+00
4.332654781522819576e+00
4.688371706732539224e+00
4.985072918457149171e+00
5.001377415692473960e+00
5.056923061901358096e+00
5.301344877800147515e+00
5.304886192820674751e+00
5.316163067211107318e+00
5.360472245503132172e+00
