-9.469871543296903837e-02
8.092079782727523707e-01
1.777427172339230310e+00
2.255831609601955279e+00
2.821202624265424674e+00
3.095455867503915215e+00
3.385062800556625007e+00
3.922576226463206694e+00
3.928461327001059544e+00
3.937750327475441736e+00
4.140625449716026196e+00
4.226179065934047685e+00
4.548677222222977434e+00
4.868520965748757590e+00
4.882473911449778825e+00
4.908639361059613293e+00
5.120804509910158231e+00
5.153483961594247376e+00
5.154783828571453341e+00
5.243014130250230664e+00
