-9.642455266475735698e-02
8.087804071237769676e-01
1.779086324859235901e+00
2.258128353974825586e+00
2.825988376000168500e+00
3.099002546205156250e+00
3.390542509780061664e+00
3.928991760336430161e+00
3.934892488756304374e+00
3.946733931825292530e+00
4.145919707376378938e+00
4.233199612122916733e+00
4.558474747082073009e+00
4.876918897383802687e+00
4.890888453104707878e+00
4.919229484103198047e+00
5.135127125162398443e+00
5.164488504789915169e+00
5.165837788277713116e+00
5.252302440168932662e+00
