-9.345412920811213553e-02
8.101055295664991718e-01
1.778509866639069514e+00
2.257092019613992306e+00
2.822623594567630789e+00
3.096410029134858632e+00
3.386173348520969739e+00
3.923725558957812609e+00
3.929560978886001976e+00
3.938613919475756120e+00
4.141867818176251603e+00
4.227565581089947955e+00
4.549790630808274727e+00
4.869879364072403405e+00
4.883883954234988778e+00
4.910047864976149867e+00
5.122628543495011400e+00
5.154751691081401077e+00
5.156238250672686263e+00
5.243996740719012450e+00
