-9.432699224635143764e-02
8.159316547134949360e-01
1.792154623579335748e+00
2.269616855317508453e+00
2.844187209811934736e+00
3.108615776283841114e+00
3.407054332941697794e+00
3.944971811983123189e+00
3.950828173681657063e+00
3.970759543055464746e+00
4.154518822744648787e+00
4.248964841959605110e+00
4.581487824068972259e+00
4.891878320540854475e+00
4.905798501609751838e+00
4.941416357598427567e+00
5.165236359658592846e+00
5.186455334263882833e+00
5.188003234119605622e+00
5.267339978188829264e+00
