-7.461787523948260059e-02
8.331325254890771248e-01
1.810118615391957064e+00
2.291658206723695912e+00
2.869662260451150360e+00
3.138791146874496008e+00
3.437584297045077619e+00
3.979374432749182233e+00
3.984408356353128511e+00
4.012606409209638514e+00
4.193003455022903836e+00
4.288652367423878786e+00
4.629924033384213544e+00
4.937606687219272317e+00
4.951286548772145579e+00
4.994434024990482612e+00
5.231516132139745423e+00
5.242790969911084176e+00
5.242913167384358530e+00
5.320553907698581497e+00
