-9.904156519405660219e-02
8.047466621974308509e-01
1.773627131595276296e+00
2.252101379384839674e+00
2.817650690361915622e+00
3.091847764149861177e+00
3.381390430266037583e+00
3.919552211311383871e+00
3.925468579542211955e+00
3.934685278065444436e+00
4.137569516646181000e+00
4.223240767190873157e+00
4.545876061769376975e+00
4.865864967614470515e+00
4.879834581428440288e+00
4.906009713577077491e+00
5.118418210542586166e+00
5.150899588086758740e+00
5.152366375357814832e+00
5.240530238064820878e+00
