-8.373877445137622999e-02
8.231989447072010080e-01
1.797588409798436260e+00
2.277416411652438910e+00
2.850859170808462295e+00
3.120285282780969283e+00
3.416453111495911799e+00
3.957675641338482819e+00
3.963460432828242119e+00
3.980454556957965906e+00
4.171042584973520206e+00
4.262988385146172732e+00
4.595424299383921607e+00
4.910132622796027135e+00
4.924325617946124112e+00
4.958868715575135866e+00
5.184590676838524814e+00
5.204477701431642345e+00
5.206869680561339919e+00
5.287596439301978535e+00
