-9.664335252091404982e-02
8.072084034865838476e-01
1.775578178137948271e+00
2.253809878227912122e+00
2.819535576833004598e+00
3.093577450839802623e+00
3.383034498037886806e+00
3.920853018116758903e+00
3.926765099331532838e+00
3.935353616525389953e+00
4.139071280449570622e+00
4.224474508533603512e+00
4.546617920281278202e+00
4.866580165929917712e+00
4.880565057348576374e+00
4.906486770007177256e+00
5.118508986382948933e+00
5.151285069696314167e+00
5.152779710871982388e+00
5.240891078246932011e+00
