-8.960478417702688603e-02
8.144359901880307007e-01
1.783041544792467903e+00
2.261696274764744885e+00
2.828006683215335215e+00
3.102376020972769766e+00
3.392764252837878303e+00
3.930592099165551190e+00
3.936389502189740597e+00
3.947454723451301106e+00
4.148550296672055993e+00
4.234728647764313791e+00
4.559152564580017497e+00
4.878222084188564622e+00
4.892194044872212544e+00
4.920089020801697188e+00
5.135019166047641193e+00
5.165326146057850565e+00
5.166324699076085381e+00
5.253630778195201856e+00
