-8.747750547081523109e-02
8.160549244748835918e-01
1.784765241123295709e+00
2.263982290746298531e+00
2.830548574586373434e+00
3.103879544992196315e+00
3.394711901795290032e+00
3.932811051454791595e+00
3.938520439163312403e+00
3.949640556802933133e+00
4.150565728632955143e+00
4.237680700429336866e+00
4.562132070290772390e+00
4.881253269978515164e+00
4.895184264274575980e+00
4.923806067994064506e+00
5.139818475594438496e+00
5.168627836025734723e+00
5.170188014742052474e+00
5.256934571164492809e+00
