-9.922809548152144998e-02
8.090504568826872855e-01
1.782702942498872289e+00
2.260290738588082604e+00
2.831791475047793938e+00
3.099350910477369325e+00
3.394700148779520532e+00
3.932429531450907234e+00
3.938312871039670426e+00
3.954251595503592398e+00
4.144874860390700633e+00
4.236134940452757291e+00
4.564762937225168571e+00
4.878535816420480842e+00
4.892449029150157003e+00
4.924427716396166943e+00
5.143808668122801464e+00
5.169371668762323679e+00
5.170877832464611856e+00
5.253542140126228333e+00
