-4.537950483330632778e-02
8.962586645417900399e-01
1.912571900460633856e+00
2.387643373108119249e+00
3.018994877036746516e+00
3.230923508896154317e+00
3.586527911356768072e+00
4.129604493178845814e+00
4.134621158814468345e+00
4.225170391723722219e+00
4.276038566385594208e+00
4.417798669727133642e+00
4.845232485942318590e+00
5.098387074378365469e+00
5.123688415672162932e+00
5.221017623212389935e+00
5.413184492179311746e+00
5.484573529114697976e+00
5.494130899958676650e+00
5.521501171566157495e+00
