-9.827136024614446796e-02
8.057585691094573122e-01
1.774404039955697954e+00
2.252719946241995785e+00
2.818866978210280649e+00
3.092822460108436644e+00
3.382523731361288810e+00
3.920566877481178381e+00
3.926472684714099159e+00
3.935455721901234938e+00
4.138814014706440503e+00
4.224384176293824567e+00
4.546996225661132485e+00
4.866858237222913885e+00
4.880844642288138857e+00
4.907098857180244522e+00
5.119838657556101680e+00
5.152015917301469017e+00
5.153502595487225335e+00
5.241427358327200636e+00
