-5.471554811254009110e-02
8.587576448489357972e-01
1.845736420528396593e+00
2.329120474895319148e+00
2.922207825247809865e+00
3.178761987534727496e+00
3.493662561858826621e+00
4.037624088167191871e+00
4.040774680181755230e+00
4.087989044495643043e+00
4.237883005099561728e+00
4.348973878912531177e+00
4.708056140217379948e+00
5.003577264850790129e+00
5.027762928601433146e+00
5.077557021236557944e+00
5.331295819199056041e+00
5.333808440665521289e+00
5.349092243022937510e+00
5.384352366846684390e+00
