-7.909332028634707967e-02
8.245885009669109422e-01
1.792715167874121107e+00
2.270373341289541713e+00
2.835991588895922177e+00
3.110308825348965911e+00
3.400151031510404209e+00
3.938577999144627029e+00
3.944840460260138570e+00
3.953150610980173951e+00
4.156236367063684156e+00
4.242243238232958902e+00
4.566140100389702638e+00
4.884346898623107336e+00
4.898133675705366841e+00
4.924973779548054154e+00
5.141747006128071007e+00
5.171185800358671258e+00
5.172934189774196057e+00
5.260227104958858035e+00
