-9.934744460042566061e-02
8.056522676270105876e-01
1.776254797277942998e+00
2.255018351785111008e+00
2.822493858955567703e+00
3.095334152163559338e+00
3.386571476730750874e+00
3.925118351762648672e+00
3.931038314916804666e+00
3.942239317697385559e+00
4.141803585593152093e+00
4.229102032466471428e+00
4.553821321995201288e+00
4.872233404155849712e+00
4.886211617322260281e+00
4.914263499929802492e+00
5.129170999905909412e+00
5.159331109280174132e+00
5.160832860521622933e+00
5.247333076211361913e+00
