-1.012526352715212852e-01
8.063039336047950201e-01
1.778942311604623683e+00
2.256418468423362356e+00
2.826857967731484678e+00
3.095774837885983288e+00
3.390005117886175867e+00
3.927451349532930180e+00
3.933321356489614118e+00
3.947741367082926445e+00
4.141053277038736269e+00
4.231152650245348923e+00
4.558427075571671594e+00
4.873452643631026149e+00
4.887416921657859348e+00
4.918001918544177897e+00
5.136187121897819452e+00
5.162979855798766948e+00
5.164478786762629170e+00
5.248075691102712881e+00
