-5.420706249719842162e-02
8.595811553134069527e-01
1.846632539330926193e+00
2.329400696657785375e+00
2.922798831220617899e+00
3.178921673868515541e+00
3.493488712034292121e+00
4.037348803569074107e+00
4.040537105427006281e+00
4.087894634578660202e+00
4.237997309928857703e+00
4.348499906045631747e+00
4.707173934814946392e+00
5.003200136727528502e+00
5.027239011459002427e+00
5.076266029470289709e+00
5.329973969905879017e+00
5.332492374325340734e+00
5.347914169770277226e+00
5.384373186926936228e+00
