-5.448218632676571360e-02
8.822344097708310073e-01
1.891788773006851443e+00
2.368525714345139477e+00
2.990685406791868672e+00
3.208891352630871552e+00
3.555260872622710622e+00
4.094513372707979215e+00
4.097317629916148007e+00
4.179603352546195083e+00
4.260697762010096312e+00
4.403207557649153614e+00
4.794057585216819461e+00
5.054110598874700599e+00
5.078972307831861599e+00
5.159076595089089778e+00
5.398736501103712726e+00
5.416576753477912121e+00
5.423784150592851461e+00
5.443882806385730078e+00
