-9.142068964047211921e-02
8.142077499142033048e-01
1.786333030657260679e+00
2.265232652748636610e+00
2.834857429635121662e+00
3.107136492186327814e+00
3.399839980604156153e+00
3.939115289015717281e+00
3.945086550187625107e+00
3.958328113441893947e+00
4.155457343517809932e+00
4.243933043745528266e+00
4.571328752977933618e+00
4.888217488171903824e+00
4.902230920741203590e+00
4.932236296102018969e+00
5.152153177394211525e+00
5.178040876289742300e+00
5.179502672568560229e+00
5.264125517877801030e+00
