-8.752605224071885459e-02
8.160573279669733893e-01
1.784769906190831534e+00
2.264009766229719389e+00
2.830521284361566359e+00
3.103909627151097084e+00
3.394727399964722281e+00
3.932827110787911806e+00
3.938537582047047181e+00
3.949554676996740454e+00
4.150606159110338922e+00
4.237704873231450620e+00
4.562099668110022321e+00
4.881263658888656209e+00
4.895200390921672806e+00
4.923789107412176236e+00
5.139653109009486798e+00
5.168607660320503783e+00
5.170166937906742533e+00
5.256953732590773143e+00
