-9.161395874889421975e-02
8.199793546482396778e-01
1.797745489313456346e+00
2.274737146240113361e+00
2.851682609358249465e+00
3.114325214002747089e+00
3.414863907574726909e+00
3.952646824480325449e+00
3.958552688411145937e+00
3.980483475371329405e+00
4.160866207023900643e+00
4.257031261700831237e+00
4.591889899484158377e+00
4.899878013531633769e+00
4.913797099444309424e+00
4.951520117664585996e+00
5.179623419486233615e+00
5.197076662226209010e+00
5.198551525773837056e+00
5.275693444961689238e+00
