-1.005751112024881877e-01
8.040451839115121402e-01
1.773586071845784318e+00
2.252437436232867185e+00
2.819172990857623518e+00
3.092839240525790956e+00
3.383363184017071035e+00
3.921606351890659425e+00
3.927514766524836887e+00
3.937869221292203292e+00
4.139185610460117459e+00
4.225569463756983168e+00
4.549315377233142499e+00
4.868742446407850366e+00
4.882733084647043142e+00
4.909721791977062821e+00
5.123679398973763455e+00
5.154803812030877452e+00
5.156234024405421223e+00
5.243618154650903307e+00
