-7.593319076534044143e-02
8.275557740755630221e-01
1.795110163355730037e+00
2.272845467492743410e+00
2.838317200912797489e+00
3.113550155729285507e+00
3.403061094944064280e+00
3.940211578996240860e+00
3.946216553828776341e+00
3.956497164471556971e+00
4.159347121574910489e+00
4.244733140098446711e+00
4.568115907485093885e+00
4.886625546294453670e+00
4.900016060658458628e+00
4.927762249712145604e+00
5.146189271303796886e+00
5.174155203894315491e+00
5.174237079642921344e+00
5.262200602221128065e+00
