-9.329959612296079285e-02
8.129152098790655145e-01
1.784783459560458141e+00
2.263704399162634218e+00
2.834031498046897468e+00
3.105148011445635348e+00
3.398557031799100514e+00
3.937592155233687663e+00
3.943518459042934410e+00
3.956758471593275317e+00
4.152987241296614229e+00
4.242024611668966827e+00
4.569467485384848260e+00
4.885885886821597524e+00
4.899875877993508766e+00
4.930537728420858912e+00
5.149519857543054968e+00
5.175888322579339729e+00
5.177499399977932626e+00
5.261799809798503702e+00
