-9.517787640652386472e-02
8.096952535743184853e-01
1.780509157249980490e+00
2.259756836139786174e+00
2.828127070340997307e+00
3.100503357614798006e+00
3.392415293907106388e+00
3.931025275325737312e+00
3.936876150863099610e+00
3.948767714460700518e+00
4.147924703927856172e+00
4.235558862821562798e+00
4.560868343505717348e+00
4.879389096928207437e+00
4.893414274936731090e+00
4.922007096309243934e+00
5.138839814810125972e+00
5.167197587672490044e+00
5.168753960384492530e+00
5.254485848954573157e+00
