-8.415796567419420171e-02
8.237721339460222225e-01
1.799189205308721284e+00
2.278927126445296381e+00
2.853603865677996509e+00
3.121388018043262491e+00
3.419214828991471222e+00
3.960186661560783250e+00
3.965959522002776794e+00
3.984478331519312633e+00
4.171801703630080738e+00
4.265506145123708848e+00
4.599540091834569466e+00
4.912307044151930313e+00
4.926507095103943357e+00
4.962915905640102210e+00
5.190060432825475800e+00
5.208446204789652256e+00
5.210844267113316164e+00
5.289841280635528165e+00
