-1.004408563821925782e-01
8.035089439363218844e-01
1.771957433033094276e+00
2.250498869645525701e+00
2.816054328868631274e+00
3.090276921822805889e+00
3.379919332641293295e+00
3.917747953681100626e+00
3.923649811164068524e+00
3.932876795792253688e+00
4.135872019513044506e+00
4.221452914891415276e+00
4.543973365973215550e+00
4.864088155416538939e+00
4.878071454957535025e+00
4.904074562407913618e+00
5.116434305935399607e+00
5.148982656639418565e+00
5.150384971428138670e+00
5.238611017608491238e+00
