-9.652171550806087907e-02
8.130763555855082814e-01
1.787510215659494861e+00
2.265101640725333709e+00
2.838349129795460613e+00
3.104271279513341142e+00
3.401510800549658597e+00
3.938856276694423286e+00
3.944708119113784051e+00
3.962926836145925336e+00
4.149882063458790071e+00
4.242730589558050269e+00
4.573421359988060431e+00
4.885401800289400853e+00
4.899296155987030943e+00
4.933207328263961244e+00
5.155111242000202765e+00
5.178282030485206633e+00
5.179636660821415717e+00
5.260703313815611182e+00
