-5.482266735043594963e-02
8.631159493335189836e-01
1.854540175115346301e+00
2.336889693459426098e+00
2.935610901400480088e+00
3.184735749663119009e+00
3.506060420341952977e+00
4.049109211557151866e+00
4.052164618295947207e+00
4.106294570480145012e+00
4.242425497278631497e+00
4.360020815241739456e+00
4.725593297075818100e+00
5.013804533585442869e+00
5.038194228792846729e+00
5.094313919332378759e+00
5.348821163856086969e+00
5.350886987599466238e+00
5.372521744578534708e+00
5.388633940999596916e+00
