-8.123887004717289528e-02
8.261193281728083093e-01
1.801269874889158018e+00
2.280862379836435139e+00
2.855511163820665388e+00
3.125282687750313926e+00
3.422158998691429588e+00
3.964065991427560220e+00
3.970413761838926803e+00
3.988415447584429785e+00
4.177258445512507024e+00
4.269986849135193552e+00
4.604782242504370515e+00
4.917074397687429155e+00
4.930988325962516683e+00
4.966659063495399096e+00
5.198496664075491935e+00
5.214581621953811919e+00
5.216632318521988054e+00
5.296426778006889435e+00
