-8.545611895488036680e-02
8.179017167904021335e-01
1.787303390790384583e+00
2.266292659248847485e+00
2.832891148573708051e+00
3.106397198862850928e+00
3.397349226749156514e+00
3.936115953842090676e+00
3.942067530766053096e+00
3.953739237884747126e+00
4.153567046083935566e+00
4.240456599776280200e+00
4.566170347341994784e+00
4.885074584461108316e+00
4.899117450240737526e+00
4.928437907376064686e+00
5.144034724964512861e+00
5.172990266473789234e+00
5.174358013699020375e+00
5.260392755606517312e+00
