-8.071482862874290731e-02
8.233153705939457723e-01
1.792837362086402209e+00
2.271033686244663841e+00
2.839217697162212062e+00
3.112594578326934425e+00
3.404306180999810749e+00
3.944196744186001524e+00
3.950483877036504055e+00
3.961944858182960161e+00
4.161093746277401806e+00
4.248853068189873738e+00
4.576447163254442785e+00
4.893356004347651833e+00
4.907170513259643485e+00
4.936765714950752226e+00
5.159388460114769259e+00
5.183797343288006232e+00
5.185609757874544812e+00
5.270867047504907532e+00
