-9.762450442212866619e-02
8.076412435038946569e-01
1.778599594588740729e+00
2.257161622175772209e+00
2.825232005539874081e+00
3.098032918624085141e+00
3.389677387931442354e+00
3.928106896295503248e+00
3.934028921881690621e+00
3.945601765288301976e+00
4.144648676028737100e+00
4.232270556061848765e+00
4.557629381819424452e+00
4.875580164320126642e+00
4.889608009176299674e+00
4.918090200146252755e+00
5.134413117986696307e+00
5.163351346182025736e+00
5.164846426192525541e+00
5.250619015470874729e+00
