-8.592854174275998957e-02
8.279519450616135146e-01
1.809151012983420515e+00
2.286609854325433844e+00
2.867832374997760780e+00
3.125846134987114056e+00
3.431002494892709365e+00
3.969301104713849782e+00
3.975203163149217289e+00
4.003360571161465487e+00
4.173311371377167234e+00
4.274005919246064877e+00
4.614939194389080512e+00
4.918718824766074249e+00
4.932683367213030579e+00
4.976645519930571027e+00
5.209996544437672128e+00
5.221535529941775167e+00
5.223085507377618342e+00
5.295258600393026427e+00
