-4.669592564965796555e-02
8.648287979926720936e-01
1.852009544049636247e+00
2.336659438683099665e+00
2.930324322789587654e+00
3.192983887152763600e+00
3.506929725530937958e+00
4.055067086561408018e+00
4.061957510497762769e+00
4.106937899706252892e+00
4.245409971096705704e+00
4.347326046326713822e+00
4.727249063494326720e+00
5.028073233536247244e+00
5.051654818592638208e+00
5.112512568789796319e+00
5.364649268645493407e+00
5.388761792362316783e+00
5.394486909260933771e+00
5.400806259572590307e+00
