-8.398641959433916782e-02
8.315668218072005402e-01
1.814134821687275689e+00
2.291288911616220503e+00
2.875361438568688754e+00
3.130839842518753358e+00
3.438458350253085882e+00
3.977562384529164774e+00
3.983249545553007920e+00
4.012835639324748627e+00
4.179058585859138475e+00
4.282275970832870371e+00
4.625653325550729278e+00
4.927361128483653374e+00
4.941425433004951628e+00
4.987309863344307814e+00
5.224971752162218763e+00
5.232566387885526638e+00
5.235002055297400148e+00
5.304716904096721919e+00
