-8.379388360344819375e-02
8.230017875289377116e-01
1.797268985973005329e+00
2.277173185686933721e+00
2.850441839599625382e+00
3.120093254068478927e+00
3.416121536073660536e+00
3.957378232951214159e+00
3.963164566880550410e+00
3.979961535404754613e+00
4.170884966091080059e+00
4.262711787468788316e+00
4.595016343298993888e+00
4.909874744728995211e+00
4.924073073187628324e+00
4.958510440377949635e+00
5.184042146398496698e+00
5.204119379397525336e+00
5.206511082207271102e+00
5.287352177490902250e+00
