-1.007358706192462705e-01
8.041433455364312977e-01
1.773949695168994367e+00
2.252779861650196835e+00
2.819829158492211718e+00
3.093067346766474657e+00
3.384027292304381263e+00
3.922198133506753948e+00
3.928103747246495914e+00
3.938850532103970181e+00
4.139312287508801091e+00
4.226161761165712960e+00
4.550320454567554407e+00
4.869233555109531153e+00
4.883226240825024433e+00
4.910707154253032058e+00
5.125017853322788142e+00
5.155765877549129073e+00
5.157195591746130958e+00
5.244125563513080124e+00
