-9.235996599636564497e-02
8.112378237474331399e-01
1.779950533657029155e+00
2.258378866752536851e+00
2.823522459619198344e+00
3.097710246840506443e+00
3.387139528587795212e+00
3.925117189257434802e+00
3.931006143153354060e+00
3.940309769599480205e+00
4.142953673857846297e+00
4.228734812959373812e+00
4.551423609142148052e+00
4.871183140441644355e+00
4.885173418939302792e+00
4.911491242834017612e+00
5.123535208012981457e+00
5.156191307116387179e+00
5.157668248872141703e+00
5.245575861985344090e+00
