-9.739104220352601260e-02
8.062798095306789037e-01
1.774900666056055343e+00
2.253284805334260454e+00
2.818496284944558283e+00
3.092753911059844540e+00
3.382080829545884626e+00
3.920005122188740643e+00
3.925916763681016164e+00
3.934807226196426200e+00
4.138041929509199690e+00
4.223544737436895957e+00
4.545781822343997192e+00
4.865845051528594922e+00
4.879822567774681374e+00
4.905711347077158280e+00
5.117497039373120060e+00
5.150481963351921877e+00
5.151961117186147021e+00
5.240231055195181398e+00
