-9.839498157089110464e-02
8.066141452909505460e-01
1.776794083263666835e+00
2.255450255714094965e+00
2.823312706474098377e+00
3.096320231677964330e+00
3.387322223821684020e+00
3.925876913443062222e+00
3.931790263672155561e+00
3.942457838104019174e+00
4.143257024377817288e+00
4.230015998960880097e+00
4.554389034405176062e+00
4.873174556967569515e+00
4.887167870288976701e+00
4.914854514165199362e+00
5.129907175054540858e+00
5.159995961534150410e+00
5.161523691320326179e+00
5.248195668704283889e+00
