-9.125332034273014870e-02
8.125111329454739462e-01
1.781667051584918227e+00
2.259949838045031356e+00
2.826196472243282187e+00
3.100408198597506271e+00
3.390534859307990700e+00
3.928828174729460443e+00
3.934780188854347216e+00
3.944641816464354633e+00
4.146944201606856950e+00
4.233034214708823129e+00
4.556913271777375485e+00
4.876000676887997543e+00
4.889993251008490915e+00
4.917124557658098638e+00
5.132399904402518587e+00
5.162486770505893219e+00
5.163855828333907994e+00
5.251033131537951704e+00
