-8.143987595531143597e-02
8.356860352891999355e-01
1.820134769142896403e+00
2.296686930844316521e+00
2.883381022734511134e+00
3.137359809740019045e+00
3.447206319449605871e+00
3.986732131185817707e+00
3.992979955440432605e+00
4.025258265123966339e+00
4.186470356100471690e+00
4.291963963982652785e+00
4.639229291744868533e+00
4.936744769596089100e+00
4.950514835380772638e+00
4.999054324789312886e+00
5.244470893314655768e+00
5.246599575280242789e+00
5.248694432171078006e+00
5.315987983821514717e+00
