-9.519745149191294331e-02
8.097144721832592040e-01
1.780568070027584326e+00
2.259811566196731292e+00
2.828229257345810765e+00
3.100541343123040861e+00
3.392517150952699012e+00
3.931116554926120443e+00
3.936966990424480173e+00
3.948917473231631448e+00
4.147948238685785327e+00
4.235650031299883267e+00
4.561020173581709969e+00
4.879465969561351812e+00
4.893491353057470405e+00
4.922155451113212621e+00
5.139041895778063918e+00
5.167342743492554291e+00
5.168899104617594276e+00
5.254564872468108661e+00
