-8.589264256761452998e-02
8.176528357075767417e-01
1.785791656347555545e+00
2.264572580471394758e+00
2.830079618442141509e+00
3.103633748770789680e+00
3.393662204510292213e+00
3.930985676072850765e+00
3.936694290986451961e+00
3.946506750808566721e+00
4.148891976461527520e+00
4.235276853126379137e+00
4.558109570646593056e+00
4.877552842127897748e+00
4.891465854425860016e+00
4.918893584108445793e+00
5.132339460751154547e+00
5.163334270932864456e+00
5.164873900103430060e+00
5.252379676935106545e+00
