-9.951338818063959479e-02
8.042359315440990031e-01
1.772813734016381204e+00
2.250991539163806010e+00
2.816362595469399821e+00
3.090785852735280059e+00
3.380080896917206701e+00
3.917801035757292993e+00
3.923702707266784273e+00
3.932383092498639598e+00
4.136023550170648377e+00
4.221409474848769605e+00
4.543505296671355609e+00
4.863657575479010120e+00
4.877664079234818928e+00
4.903331958215858322e+00
5.115420467176591046e+00
5.148213575317640789e+00
5.149677119530679192e+00
5.237882255882141180e+00
