-9.739521059964317828e-02
8.075324329947761726e-01
1.778137343622802291e+00
2.256714309496601345e+00
2.824374249707034323e+00
3.097735594496043632e+00
3.388790099506877596e+00
3.927314378179289633e+00
3.933239977348421235e+00
3.944296026864321902e+00
4.144487092522467719e+00
4.231472793719149195e+00
4.556271341625688365e+00
4.874920893449598225e+00
4.888944549791631289e+00
4.916749675761820981e+00
5.132607929754158249e+00
5.162043176882434636e+00
5.163538735818292480e+00
5.249933944607619196e+00
