-9.447453136635886040e-02
8.111911845790018560e-01
1.783130800849903608e+00
2.262216264049129677e+00
2.831145113985257922e+00
3.102972572327416856e+00
3.395616171465007938e+00
3.934675138467355282e+00
3.940582517987422762e+00
3.953868280221286113e+00
4.150204063140336075e+00
4.239051841948821675e+00
4.566059349781426135e+00
4.882994769268407254e+00
4.897003610503816162e+00
4.927064454357605428e+00
5.144606590427429182e+00
5.172274652555643115e+00
5.173814048908752738e+00
5.258580477024224820e+00
