-7.835247581294879637e-02
8.289875065815976996e-01
1.804554158647874829e+00
2.284883977173421954e+00
2.860822355265099759e+00
3.131259804090404941e+00
3.429042625939587197e+00
3.970447245546552040e+00
3.976573889457313271e+00
3.998312673999407707e+00
4.184474847911246798e+00
4.277850273419289806e+00
4.614296031538515308e+00
4.925821811001469541e+00
4.939362793130385398e+00
4.977918830954536134e+00
5.214474129803193136e+00
5.226477612298822351e+00
5.226680261231308577e+00
5.305717292101348903e+00
