-7.010809720668476075e-02
8.384148684945671448e-01
1.817436013594772248e+00
2.300193499397892083e+00
2.882088615150280475e+00
3.147546861926173278e+00
3.450505673423492681e+00
3.991784620464216005e+00
3.997512521253099749e+00
4.027001016742474349e+00
4.203030110682107079e+00
4.302566786087197670e+00
4.648481107255463485e+00
4.952283465742084445e+00
4.965346841867074090e+00
5.013955339318670212e+00
5.256427257560858379e+00
5.260251594081466919e+00
5.262440665786186855e+00
5.332276236123107083e+00
