-1.005959678732324392e-01
8.072881754342233762e-01
1.779882975723012350e+00
2.257621059805387631e+00
2.828358383390877862e+00
3.096759158666827716e+00
3.391464530825032853e+00
3.928887208581727464e+00
3.934759168201708235e+00
3.949841992907749955e+00
4.142143078221124597e+00
4.232591792468156200e+00
4.560307642190309707e+00
4.875001670312485658e+00
4.888933215159340762e+00
4.919973375472181942e+00
5.138384725840296596e+00
5.164921793933899608e+00
5.166355535679031163e+00
5.249803636870638002e+00
