-9.728721072315238416e-02
8.065502837271196768e-01
1.775455046732531628e+00
2.253667560402391246e+00
2.819431283369340235e+00
3.093836760443082312e+00
3.383469712131045526e+00
3.921424255626334343e+00
3.927340710659336764e+00
3.936538779620605055e+00
4.139538208331941860e+00
4.225230062227637973e+00
4.548095829155499814e+00
4.867911776636901777e+00
4.881927560782060027e+00
4.908178215959196677e+00
5.121480814679671312e+00
5.153218724077305524e+00
5.154668258815945592e+00
5.242427331766521093e+00
