-8.778719729525619186e-02
8.181330404800064571e-01
1.790712697399612807e+00
2.270777774359430623e+00
2.841784996015576326e+00
3.112515781357615197e+00
3.406847616208779073e+00
3.946205740567620524e+00
3.951936786209444108e+00
3.967550161050439783e+00
4.161468802693889302e+00
4.251903252254123800e+00
4.581095586350784288e+00
4.897133172356461728e+00
4.911100620484830870e+00
4.943725788857591397e+00
5.165895680571338744e+00
5.189104210722689459e+00
5.190792454006896151e+00
5.273978577223260800e+00
