-7.791066620143283217e-02
8.255978830381991429e-01
1.794474699638499260e+00
2.273414544581669361e+00
2.841268281309112353e+00
3.116664538466352496e+00
3.407912461343926225e+00
3.947130094431713587e+00
3.953177732744848072e+00
3.966358731394393544e+00
4.166095699120205609e+00
4.253128997142312073e+00
4.580520685758983745e+00
4.898239117622324557e+00
4.911695419585498712e+00
4.942452971303396225e+00
5.167168940294004642e+00
5.189951419072940553e+00
5.190013648842523253e+00
5.276048352397879171e+00
