-9.300709615126834251e-02
8.126923406425703433e-01
1.784027393235191994e+00
2.262983938720935839e+00
2.832680064031592337e+00
3.104649028426138102e+00
3.397180407603627827e+00
3.936355685616945266e+00
3.942287515499629080e+00
3.954742027088286704e+00
4.152683521702783764e+00
4.240783283212294918e+00
4.567390329456429754e+00
4.884842974672210403e+00
4.898828423084523820e+00
4.928494180571760808e+00
5.146759947373539035e+00
5.173889988285736763e+00
5.175500995200309262e+00
5.260719848032749724e+00
