-8.575275989915098762e-02
8.202331735219559050e-01
1.793946645183950750e+00
2.273914351296298264e+00
2.845423438228863233e+00
3.116188595289258956e+00
3.410945699246894947e+00
3.951198150773507223e+00
3.957184946126290015e+00
3.973800939083957928e+00
4.165998319640493719e+00
4.256469519327310991e+00
4.587452009373919282e+00
4.903059819781447004e+00
4.917150072874846956e+00
4.950836252514363878e+00
5.173274647238031321e+00
5.196042802235297131e+00
5.197563900865134201e+00
5.279710514120324660e+00
