-9.670309376451768912e-02
8.087673030840960564e-01
1.779365248603426153e+00
2.258441898913588375e+00
2.826622135333309416e+00
3.099189956903501297e+00
3.391263155983324395e+00
3.929633745232422370e+00
3.935531667251780163e+00
3.947791630034771515e+00
4.145985411592846503e+00
4.233860342324987869e+00
4.559641844025463797e+00
4.877445132307911990e+00
4.891422193713879096e+00
4.920409878903228673e+00
5.136674063181999372e+00
5.165635380944877397e+00
5.166983350898590288e+00
5.252865258473320864e+00
