-6.104454091436650742e-02
8.532526100256063728e-01
1.841697881850450358e+00
2.324950781481192053e+00
2.916945791903543750e+00
3.171644484862071067e+00
3.485994458014516795e+00
4.029725778703578953e+00
4.034241600322559407e+00
4.080315201945353465e+00
4.231988594823036465e+00
4.341275790687205927e+00
4.701859717543356965e+00
4.992742519907153564e+00
5.008969068384118373e+00
5.070024846331165236e+00
5.314284362897609526e+00
5.318170111982311710e+00
5.334323631359808360e+00
5.368046121906246526e+00
