-5.362385288158577623e-02
8.500210162139296699e-01
1.817519024000176842e+00
2.296507122276764790e+00
2.864643804696100915e+00
3.138326080368230464e+00
3.431902241082326555e+00
3.968968101764673406e+00
3.972021813675894464e+00
3.990556499582254446e+00
4.188234496270311524e+00
4.277595079094382413e+00
4.605554170664078129e+00
4.922228210044551133e+00
4.944600054579680659e+00
4.970819775882191038e+00
5.200865147663662924e+00
5.214275686938819376e+00
5.218344005712836520e+00
5.304334490387546452e+00
