-1.011825230380054563e-01
8.033800323755713180e-01
1.773208617036289070e+00
2.251687556781689636e+00
2.818457766734354664e+00
3.092207594650972169e+00
3.382572075890493579e+00
3.920773608057061210e+00
3.926677069102879614e+00
3.936755010596243665e+00
4.138377312177908607e+00
4.224706366367172450e+00
4.548310285070328973e+00
4.867718099027115386e+00
4.881734231086738873e+00
4.908553389774169773e+00
5.122655529317853507e+00
5.153657942442805506e+00
5.155153445084579289e+00
5.242403644348087255e+00
