-8.798437203540743212e-02
8.159493621924411855e-01
1.784107830699667829e+00
2.262411272807185014e+00
2.827846096250596020e+00
3.102333051156165311e+00
3.392063910070191923e+00
3.929261181428046257e+00
3.935056491254727007e+00
3.945018476766563253e+00
4.147325762565742480e+00
4.232938348365223646e+00
4.555997332479819306e+00
4.875324076000651985e+00
4.889281843859407672e+00
4.916203990469512064e+00
5.129036390039800608e+00
5.161110137365540140e+00
5.162114103975909529e+00
5.250005627349764836e+00
