-9.886764820839744061e-02
8.049899486068170518e-01
1.773291648714803159e+00
2.251685677758359816e+00
2.817014616091910284e+00
3.091318970095016994e+00
3.380743772315327078e+00
3.918388262834923808e+00
3.924284568063740153e+00
3.933233589392330032e+00
4.136564176180399954e+00
4.221979239868232980e+00
4.544151875074021518e+00
4.864296958126942627e+00
4.878274251008406281e+00
4.904067106734146364e+00
5.115939988128957339e+00
5.148894809681223705e+00
5.150291299301898107e+00
5.238643884687917307e+00
