-8.790753068797130254e-02
8.251345750818472879e-01
1.804444309258087742e+00
2.282212336929205776e+00
2.861980714640594670e+00
3.121198207521956647e+00
3.424853859494305652e+00
3.962445683675014152e+00
3.968093646366924077e+00
3.994080710077014373e+00
4.168046689696438989e+00
4.267629577675052133e+00
4.605709037985889154e+00
4.911159381828383630e+00
4.925010846292025235e+00
4.966804577944458288e+00
5.198797612409180147e+00
5.211895697931140603e+00
5.213606092754162091e+00
5.287887769071403454e+00
