-9.543525472508918028e-02
8.099031644724163925e-01
1.781196826448649517e+00
2.260404366299553658e+00
2.829343510587932542e+00
3.100948239973149612e+00
3.393641643686351017e+00
3.932123953072732547e+00
3.937969542053906480e+00
3.950570474988126080e+00
4.148192896189357270e+00
4.236659412896187860e+00
4.562711062619200675e+00
4.880312499497449608e+00
4.894341120656463318e+00
4.923814121824761969e+00
5.141291739557345863e+00
5.168964370419416809e+00
5.170520563877289533e+00
5.255438331494588056e+00
