-9.964961453806608915e-02
8.040130771332769655e-01
1.772673607862088829e+00
2.251241207188286353e+00
2.817013665488047991e+00
3.090957357730076183e+00
3.380699253517377656e+00
3.918580447039857972e+00
3.924452540843049064e+00
3.933522807055851445e+00
4.136765827439376153e+00
4.222398590885859448e+00
4.544776015143725090e+00
4.865016392162942793e+00
4.879032980934425723e+00
4.905029401292267721e+00
5.117683506119647063e+00
5.149910369342251215e+00
5.151427184573549312e+00
5.239347126262146048e+00
