-6.962296895244435291e-02
8.331486817767199682e-01
1.802177050373984457e+00
2.282708464509482837e+00
2.852646650425185726e+00
3.125207347729372032e+00
3.418591949121889684e+00
3.956499359120016379e+00
3.962170863534197451e+00
3.979281019221616589e+00
4.174824916970635513e+00
4.265038895871953173e+00
4.597695931146745352e+00
4.910460992377068123e+00
4.923329285351258022e+00
4.960583435821206422e+00
5.185978348145965811e+00
5.205271946792208837e+00
5.207055674561274827e+00
5.287409296965336125e+00
