-8.545393501799480873e-02
8.178576143059217429e-01
1.787168501773976459e+00
2.266179864815057954e+00
2.832626278916904994e+00
3.106317964319259772e+00
3.397112769128852960e+00
3.935899544404946937e+00
3.941852982382442860e+00
3.953308620130428608e+00
4.153522393918592570e+00
4.240244274351425702e+00
4.565771061403211206e+00
4.884878501913135551e+00
4.898925413923279848e+00
4.928054518428325537e+00
5.143406912416594423e+00
5.172609925117740204e+00
5.173976688511174871e+00
5.260195305869274307e+00
