-4.661065677339593094e-02
8.508705139887382529e-01
1.809329796200785268e+00
2.289618644449532781e+00
2.845101742256233024e+00
3.136983722296875499e+00
3.417572656738371961e+00
3.955662973084287160e+00
3.963247641629990881e+00
3.964124270638478720e+00
4.176065927182932569e+00
4.245508926602539646e+00
4.571408481241320487e+00
4.905389826678813847e+00
4.925467870655950264e+00
4.954796063447133747e+00
5.168755092805369600e+00
5.187245947491803122e+00
5.216730519085771789e+00
5.290165330782272690e+00
