-9.025543527195623028e-02
8.163331660625772201e-01
1.788801791998139379e+00
2.268236538751807529e+00
2.838948520665780961e+00
3.110350704051597859e+00
3.404621117469105229e+00
3.943429546401148400e+00
3.949243311875761719e+00
3.964900378917718626e+00
4.158334621919948404e+00
4.248302903843068634e+00
4.577645440698233870e+00
4.893055692539746815e+00
4.907065850408798724e+00
4.939424280188177363e+00
5.160289032188302372e+00
5.185107326174147602e+00
5.186200661103157472e+00
5.269547417555713764e+00
