-8.376753641823597718e-02
8.195173123990571185e-01
1.788105414977508190e+00
2.266669600155182707e+00
2.831840968591677665e+00
3.105764495343919407e+00
3.395620503902591736e+00
3.933456779949665361e+00
3.939396096945074532e+00
3.949248880104278214e+00
4.151293160331078980e+00
4.237156254680940037e+00
4.560661638055080402e+00
4.880229755388427293e+00
4.894249966180268530e+00
4.921885792584816954e+00
5.134124021643401647e+00
5.165986051561503700e+00
5.167327045679940056e+00
5.254534297627742490e+00
