-7.503673036285363196e-02
8.345360253845228726e-01
1.813373368357929394e+00
2.294638577205887486e+00
2.874938447184604229e+00
3.141071464276365077e+00
3.442721059415589480e+00
3.984070150082970940e+00
3.989071590409594137e+00
4.020107954905711267e+00
4.194710687472934296e+00
4.293335488394973254e+00
4.637408631483822319e+00
4.941726226051059712e+00
4.955405358059351784e+00
5.001710963134200938e+00
5.241445235861533547e+00
5.249946805302556641e+00
5.250089560027731750e+00
5.324788091817140412e+00
