-9.501685719442320988e-02
8.085385718040924985e-01
1.777266356633845135e+00
2.256048786066457978e+00
2.822078775250702165e+00
3.095755927904974669e+00
3.385884025872655911e+00
3.923796894963743398e+00
3.929636758548440412e+00
3.939217143215500982e+00
4.141896653480216628e+00
4.227886778147876612e+00
4.550775156958479783e+00
4.870788545582399820e+00
4.884801318625250133e+00
4.911411621720617404e+00
5.125066391437940183e+00
5.156295738310291199e+00
5.157793809361464810e+00
5.245266704192545149e+00
