-1.004779366412549280e-01
8.034107152634533122e-01
1.771810820930113550e+00
2.250407321538659744e+00
2.815874844513018616e+00
3.090235491232306231e+00
3.379801992225111462e+00
3.917663454936700873e+00
3.923566402176220436e+00
3.932678231976751704e+00
4.135875603002205025e+00
4.221387145553308073e+00
4.543837043362145778e+00
4.864049123105360195e+00
4.878035714784346055e+00
4.903974674416531343e+00
5.116228124934423249e+00
5.148889517920906655e+00
5.150291661942901555e+00
5.238588021195027977e+00
