-8.339907758067965915e-02
8.205345194733126846e-01
1.789874854141771721e+00
2.268625454638367955e+00
2.836108674975321264e+00
3.109115981975037357e+00
3.400552168822741805e+00
3.940115050376789441e+00
3.945866143036710127e+00
3.956707254211551117e+00
4.156946937433076528e+00
4.244374571806474705e+00
4.570332037906837286e+00
4.889303297157994166e+00
4.903440759149816586e+00
4.932507101627152224e+00
5.149763171661106753e+00
5.177372410522593782e+00
5.179564469088973055e+00
5.265243795114201930e+00
