-7.222250659378914861e-02
8.308480552849459855e-01
1.798032566381039032e+00
2.276398154775733929e+00
2.841246692614163294e+00
3.116774981462640426e+00
3.405210309098151811e+00
3.941811856828394411e+00
3.946812872467262423e+00
3.960160663368583300e+00
4.161997220051716795e+00
4.247398185589190689e+00
4.572187959058396700e+00
4.888969782252388541e+00
4.902385383239789007e+00
4.931753912881958968e+00
5.146297612163607482e+00
5.177247517824639544e+00
5.177687680424583050e+00
5.266449463295089117e+00
