-5.980361763531050201e-02
8.428802742735399534e-01
1.813269134121981097e+00
2.293518033902785191e+00
2.863423077769340352e+00
3.134670526079844421e+00
3.429044537590328900e+00
3.968577654857142534e+00
3.972524416766191280e+00
3.994406075423370339e+00
4.188432570312500047e+00
4.276982951193986082e+00
4.612151911941765547e+00
4.923107136180561838e+00
4.939329139582980588e+00
4.975924632606336218e+00
5.207694004017810130e+00
5.217932579556617156e+00
5.219202789897622097e+00
5.294852435087250342e+00
