-9.303232357797242003e-02
8.126118998461606679e-01
1.783899391724844463e+00
2.262886305319625535e+00
2.832514388256640814e+00
3.104570798326676595e+00
3.397049163774681801e+00
3.936237310193064332e+00
3.942169783585995901e+00
3.954547396113412105e+00
4.152617770174401812e+00
4.240673016797700257e+00
4.567229773588223907e+00
4.884738966035911290e+00
4.898726543290649715e+00
4.928353039412286307e+00
5.146543981386457745e+00
5.173748861785497866e+00
5.175359685824332701e+00
5.260621066991006956e+00
