-7.013834091083026578e-02
8.384827156043570540e-01
1.817608433424084069e+00
2.300359158624644351e+00
2.882380279107451315e+00
3.147674670213802983e+00
3.450801700334864108e+00
3.992055322527448880e+00
3.997781345330963632e+00
4.027426615846309232e+00
4.203126264373452159e+00
4.302840106203689174e+00
4.648919640717338098e+00
4.952522962780506077e+00
4.965586542843709594e+00
5.014386073835112256e+00
5.257005003398319332e+00
5.260676148623304016e+00
5.262864402525849528e+00
5.332522347038150201e+00
