-9.316269828468648484e-02
8.179990337839626591e-01
1.794484520186415466e+00
2.271673290219951014e+00
2.848077369231759803e+00
3.111221001595367852e+00
3.410896588387913653e+00
3.948701529649952136e+00
3.954572475597160519e+00
3.974966979370947229e+00
4.157629512596940913e+00
4.252726074817474000e+00
4.586127878126717405e+00
4.895473440122259490e+00
4.909369978274298774e+00
4.946047113372515014e+00
5.171800982964668947e+00
5.191214698043950193e+00
5.192838014096196275e+00
5.271257054016132315e+00
