-8.984856959841636126e-02
8.162658946948795347e-01
1.788215336828216095e+00
2.267605315279979550e+00
2.837736954103093012e+00
3.109931276440875081e+00
3.403277075785354100e+00
3.942219352089523454e+00
3.948038707457271812e+00
3.962943204517159757e+00
4.158116302286998689e+00
4.247062093891145196e+00
4.575518174382523284e+00
4.892034564200457680e+00
4.906033225797727937e+00
4.937279295525968337e+00
5.157472280621732352e+00
5.183013898635635996e+00
5.184110900887390017e+00
5.268462082442965766e+00
