-9.403148306410002988e-02
8.096821258568525082e-01
1.778802592123611248e+00
2.257401700080663431e+00
2.823160095915227430e+00
3.097188100340645178e+00
3.387060340144671500e+00
3.925457607307180297e+00
3.931356052049522987e+00
3.941368852067171247e+00
4.143159947805543197e+00
4.229337564969682717e+00
4.552891743709551520e+00
4.872411558200838044e+00
4.886400143437640509e+00
4.913363291150744772e+00
5.126745880952512380e+00
5.158269611578361946e+00
5.159743268955935491e+00
5.247266475593278301e+00
