-7.398201916703328607e-02
8.291964398633808742e-01
1.798025451547459852e+00
2.277488064865792694e+00
2.845799404221679652e+00
3.120442491093285753e+00
3.411473716261070876e+00
3.950341966246242009e+00
3.955322066849475959e+00
3.973347333889023503e+00
4.169657909231432313e+00
4.257676613011312838e+00
4.588013828376915626e+00
4.902953518231583985e+00
4.916474108588204217e+00
4.950189084735711731e+00
5.173253539334268680e+00
5.196951569648717850e+00
5.197375181764982699e+00
5.283132329296222451e+00
