-9.633636345824925229e-02
8.075896608170296531e-01
1.775958934689697344e+00
2.254678636463722796e+00
2.820309952394381980e+00
3.094707645843300270e+00
3.384535603507174528e+00
3.922417732279427582e+00
3.928309925249777734e+00
3.937902714338633814e+00
4.140559571227640845e+00
4.226265610268455930e+00
4.549270370263911900e+00
4.869200716781051597e+00
4.883166002546204254e+00
4.909639783712918870e+00
5.122536884273358737e+00
5.154638059981152765e+00
5.155937533036194509e+00
5.244055617267804337e+00
