-8.970989281351648970e-02
8.142192432815136272e-01
1.782757227896581753e+00
2.261597541181799897e+00
2.827707829114388005e+00
3.102470154877664754e+00
3.392677025602552021e+00
3.930630013431255065e+00
3.936430621935414820e+00
3.947190129402770253e+00
4.148835412917378562e+00
4.234839378228116402e+00
4.559102510933371377e+00
4.878447839916589146e+00
4.892429853420253494e+00
4.920165386992266576e+00
5.134830000374222436e+00
5.165436433581362508e+00
5.166434240963553748e+00
5.253927029652459169e+00
