-1.010937535829725675e-01
8.027729265741072595e-01
1.771537187807552982e+00
2.249773329218442086e+00
2.815382730215787888e+00
3.089745385608694050e+00
3.379243143986968789e+00
3.917081279534613714e+00
3.922979538059735205e+00
3.931944144896988291e+00
4.135239875067782123e+00
4.220788412123511080e+00
4.543220882980676834e+00
4.863314881011319812e+00
4.877326522560906596e+00
4.903210943470185157e+00
5.115776808779628482e+00
5.148155337032221723e+00
5.149624669800687116e+00
5.237685891646833625e+00
