-6.472572801249043550e-02
8.375384227773565726e-01
1.808357526119664271e+00
2.288705943598529302e+00
2.856633487304407026e+00
3.130050626675256353e+00
3.423754299055474348e+00
3.961785875230759757e+00
3.967925643863111418e+00
3.986507028281494058e+00
4.178996502732331919e+00
4.271033335736944991e+00
4.602620751186691450e+00
4.914563050721937998e+00
4.928050238721709775e+00
4.972777352832565612e+00
5.193627184958018006e+00
5.213409102730793165e+00
5.216404184495445406e+00
5.294984245692717195e+00
