-9.627683756662008818e-02
8.077335210964520229e-01
1.776164716740822769e+00
2.254787671914527891e+00
2.820550568121689139e+00
3.094721974804997444e+00
3.384666731306424481e+00
3.922487059471677640e+00
3.928377418791569653e+00
3.938153888480883325e+00
4.140484159570405609e+00
4.226299635436589597e+00
4.549411268577387091e+00
4.869180854711885331e+00
4.883140657217154512e+00
4.909715842904915917e+00
5.122778382652541040e+00
5.154699233275096049e+00
5.155999002316093538e+00
5.244003544572478859e+00
