-7.831710601760732970e-02
8.404625030901797800e-01
1.826866479846444236e+00
2.303522507834259159e+00
2.893583828024020477e+00
3.145563083793376791e+00
3.458397930275395993e+00
3.997013230345260126e+00
4.003030689301908751e+00
4.041498740362612807e+00
4.195469156129320254e+00
4.303563846470410681e+00
4.654466611223369910e+00
4.948867126912091408e+00
4.962211734436209554e+00
5.015589944507269138e+00
5.263739528147993951e+00
5.263984623745614044e+00
5.268107507627405539e+00
5.328580613843541869e+00
