-8.612837852160737384e-02
8.207864551654893148e-01
1.795457859475391160e+00
2.275320831608496519e+00
2.847977570839248074e+00
3.117210600915768737e+00
3.413489813683099783e+00
3.953501588877315953e+00
3.959479347804517602e+00
3.977522883560595801e+00
4.166693420732826780e+00
4.258772353597123583e+00
4.591220811997118290e+00
4.905045133997646190e+00
4.919139320949398098e+00
4.954527606774263404e+00
5.178284465146134607e+00
5.199663980308741884e+00
5.201186326823972195e+00
5.281753373616538738e+00
