-5.819741716246085161e-02
8.432315203821190153e-01
1.808141473880908734e+00
2.285983696634986018e+00
2.845401170596090878e+00
3.121174278877504094e+00
3.407359433038521956e+00
3.941345085052120112e+00
3.944805311585838581e+00
3.952884494049584418e+00
4.166123865599047349e+00
4.245805814918810484e+00
4.565454943073063987e+00
4.882733350514996573e+00
4.899071208844219427e+00
4.922009296683540924e+00
5.128101426724526846e+00
5.160510942311191229e+00
5.161177708450509272e+00
5.249707722439580948e+00
