-4.605604298221521731e-02
8.672019365829726212e-01
1.855743368336874255e+00
2.339185710435089049e+00
2.934910479147418982e+00
3.194759695246816023e+00
3.510061448496855974e+00
4.057823357202892112e+00
4.064695304415991473e+00
4.111861943582553636e+00
4.246813036014529530e+00
4.349841014507433101e+00
4.730950676456998849e+00
5.030419207860290953e+00
5.053814176936938907e+00
5.115182071020200283e+00
5.367516495704293789e+00
5.389997539010991545e+00
5.399137117168692157e+00
5.403616255856590556e+00
