-9.915582416942925192e-02
8.055546569485159125e-01
1.775856696822302183e+00
2.254637301062757615e+00
2.821761878294637427e+00
3.095081762105110101e+00
3.385821240306540858e+00
3.924448893503722502e+00
3.930371922346239444e+00
3.941131956464232644e+00
4.141666477087710518e+00
4.228429821934696520e+00
4.552676722210890148e+00
4.871677915300097084e+00
4.885653209210431669e+00
4.913136878418299602e+00
5.127649006994033698e+00
5.158231846362468787e+00
5.159734126777038909e+00
5.246756840286252555e+00
