-6.068063995195416283e-02
8.698110780626393534e-01
1.873588413658382024e+00
2.351913683162337065e+00
2.963864415435637056e+00
3.192411467684337367e+00
3.527985160863494229e+00
4.067857863471829205e+00
4.072469321162571987e+00
4.142108648115453207e+00
4.247490141273345898e+00
4.378082614681545692e+00
4.758949634518529592e+00
5.025835592536537888e+00
5.041569173959658201e+00
5.123883865232073731e+00
5.367372099254737350e+00
5.373039823826701422e+00
5.392597530426769481e+00
5.399231972533726776e+00
