-8.170114393874428060e-02
8.218875788404602645e-01
1.790184946474710159e+00
2.268427509491857563e+00
2.834068239071029893e+00
3.107541394759209652e+00
3.397649731938372497e+00
3.935981787377386354e+00
3.941725774179985820e+00
3.950483172490294237e+00
4.153162223611388981e+00
4.239423610515586915e+00
4.562776243866437653e+00
4.882348488137495224e+00
4.896452501505109467e+00
4.923640803195894478e+00
5.136824718103071064e+00
5.167873949024169633e+00
5.170005177369148441e+00
5.256961859760849620e+00
