-9.000142508966746391e-02
8.226542338179569924e-01
1.800776600740391586e+00
2.278060722265308868e+00
2.856230745491757261e+00
3.117859037849029846e+00
3.419774039644835284e+00
3.957085632509006246e+00
3.962831697935143893e+00
3.987259492488647084e+00
4.164101200361528754e+00
4.261448399344317295e+00
4.598063832596835709e+00
4.904854605576929316e+00
4.918745973785917158e+00
4.958416641465191788e+00
5.187590998378709628e+00
5.203890708501603513e+00
5.204995783696176659e+00
5.281184770405161544e+00
