-1.005357461690437049e-01
8.041717724263435230e-01
1.773788485937984660e+00
2.252593359356978908e+00
2.819436826117453165e+00
3.092964842100627720e+00
3.383574686675274279e+00
3.921797689305094536e+00
3.927705100490129553e+00
3.938181702091242187e+00
4.139291714222053997e+00
4.225748691482294817e+00
4.549576428282307461e+00
4.868911333920550533e+00
4.882898714189650491e+00
4.909953319125634152e+00
5.124030052618763875e+00
5.155034961222554557e+00
5.156465430132811889e+00
5.243779616976098623e+00
