-7.418483853700763575e-02
8.287039024517071084e-01
1.797111003812005947e+00
2.276896541399537455e+00
2.844381078309879740e+00
3.120142649711965532e+00
3.410463950163716618e+00
3.949511986214474746e+00
3.954500817546659164e+00
3.971373551501301336e+00
4.169640419751658555e+00
4.256953598503741887e+00
4.586478948988883531e+00
4.902355596095276269e+00
4.915908002057904014e+00
4.948879979905768778e+00
5.170685562463518181e+00
5.195656179027196231e+00
5.196091073257434800e+00
5.282626616160314370e+00
