-6.486848959184499108e-02
8.365776601991683492e-01
1.806835349016807868e+00
2.287333215689102417e+00
2.854785391330267430e+00
3.128634609605740025e+00
3.422036793341760585e+00
3.960050478780601679e+00
3.966191199492300257e+00
3.984540574760671916e+00
4.177393654337947737e+00
4.269298047314975975e+00
4.600742884284841239e+00
4.912747503007437899e+00
4.926232871350975984e+00
4.970976785770915285e+00
5.191715962523971939e+00
5.211553526965587935e+00
5.214559046635940831e+00
5.293118788703566224e+00
