-9.915441052362439223e-02
8.055337750047328882e-01
1.775814720320340712e+00
2.254602344495651778e+00
2.821699589221680071e+00
3.095055556987063028e+00
3.385765523820737144e+00
3.924398842493246775e+00
3.930322119405900594e+00
3.941049661552824546e+00
4.141647064563585445e+00
4.228381348912080284e+00
4.552600209965021349e+00
4.871635013416380389e+00
4.885610651181195863e+00
4.913065083517722087e+00
5.127546773732319707e+00
5.158161073042720091e+00
5.159663339454709785e+00
5.246714235050603747e+00
