-8.962057073676987784e-02
8.140368853310064878e-01
1.782705867363802099e+00
2.260727645359111193e+00
2.826196598471142352e+00
3.100465146241731418e+00
3.390074420751261641e+00
3.927803215158746752e+00
3.933754605624926626e+00
3.942701618997489277e+00
4.145951458321178507e+00
4.231586652213991329e+00
4.554311519685143139e+00
4.873598740991837985e+00
4.887579023970829439e+00
4.913916863380109135e+00
5.127388776983934804e+00
5.158974504377511039e+00
5.160341056587640196e+00
5.248005091866616567e+00
