-9.966244753013597801e-02
8.040189163075410761e-01
1.772687768083414994e+00
2.251246809122676495e+00
2.817028726851276588e+00
3.090942758171877358e+00
3.380709021235816181e+00
3.918577102151175495e+00
3.924449074969743378e+00
3.933533120391075499e+00
4.136731209866411518e+00
4.222391089941083919e+00
4.544783153316529933e+00
4.864991179434582591e+00
4.879008372496173251e+00
4.905029918852960691e+00
5.117684479795570951e+00
5.149905939571908675e+00
5.151422600734804291e+00
5.239318086110870354e+00
