-4.673655981527247150e-02
8.709774644366348184e-01
1.864424271639180120e+00
2.347660204977714216e+00
2.949163154884303140e+00
3.201284484471074165e+00
3.524705264823808193e+00
4.071775254797714183e+00
4.078199557225616445e+00
4.132995934400796045e+00
4.252087776637708316e+00
4.363186418968084013e+00
4.754082577192377812e+00
5.043995319319790838e+00
5.068172165425991693e+00
5.137794975558165333e+00
5.388245330523631083e+00
5.398426964166233688e+00
5.427634961767367372e+00
5.429093361389845995e+00
