-6.962099915125463667e-02
8.329606799167095232e-01
1.801615531786012525e+00
2.282164292754714552e+00
2.851549969234383752e+00
3.124684533347647175e+00
3.417532091039220177e+00
3.955445868602112114e+00
3.961125490880988309e+00
3.977514301296878330e+00
4.174314843101456063e+00
4.263969563747650682e+00
4.595974726558324619e+00
4.909382084419746661e+00
4.922261887761067101e+00
4.958883735328697639e+00
5.183425606502737537e+00
5.203548678297863717e+00
5.205331209499490797e+00
5.286297203206174800e+00
