-9.174496443483803887e-02
8.144589471094150213e-01
1.787184768392762635e+00
2.266047792933932215e+00
2.836376996021499508e+00
3.107704253245174186e+00
3.401394133747999149e+00
3.940513312216353370e+00
3.946478662090157741e+00
3.960603339724002581e+00
4.155807364589236386e+00
4.245338629724756174e+00
4.573676670771419595e+00
4.889401396644643683e+00
4.903420449973054929e+00
4.934549509025600855e+00
5.155272100642832811e+00
5.180304346640696167e+00
5.181765675483802625e+00
5.265352505149166973e+00
