-7.873349789224448614e-02
8.301417594535678290e-01
1.807260598439029309e+00
2.287339007820492043e+00
2.865192187321099482e+00
3.133122517962874554e+00
3.433305207477815202e+00
3.974326840215439915e+00
3.980440926627125009e+00
4.004529000840989283e+00
4.185850955471210000e+00
4.281706237929370218e+00
4.620484649256241028e+00
4.929210570214308973e+00
4.942744909689508859e+00
4.983921999541166770e+00
5.222714181150763579e+00
5.232399109403218063e+00
5.232596982725681301e+00
5.309180453734597904e+00
