-8.111897729986594641e-02
8.263705908987049042e-01
1.801618056285860803e+00
2.281099835281565902e+00
2.855907350087818486e+00
3.125475225880791186e+00
3.422417796439731319e+00
3.964294427979211832e+00
3.970639933293568902e+00
3.988809577899701253e+00
4.177426762360255452e+00
4.270181212423267425e+00
4.605033589883532841e+00
4.917270201032351906e+00
4.931175594808109963e+00
4.966839894273334721e+00
5.198839643873498062e+00
5.214767822957355747e+00
5.216818986159523774e+00
5.296592805813816085e+00
