-9.742186366565874778e-02
8.074987807267461903e-01
1.778101395619160030e+00
2.256692394581477856e+00
2.824343249503726838e+00
3.097714160081523005e+00
3.388777835425571539e+00
3.927302710006188136e+00
3.933228410693118349e+00
3.944277417136618169e+00
4.144463519496639492e+00
4.231465390021185158e+00
4.556272615678608418e+00
4.874908192097791471e+00
4.888933162033936242e+00
4.916759395422559464e+00
5.132608424410136649e+00
5.162050988994451473e+00
5.163546432031580480e+00
5.249925277221336728e+00
