-5.419544827643107965e-02
8.479205181905911104e-01
1.814089541291835417e+00
2.293287296363629935e+00
2.860248448568270874e+00
3.134280300629896487e+00
3.427811731874896850e+00
3.964381151602268005e+00
3.967379061958439479e+00
3.985555854935611819e+00
4.183019078427122395e+00
4.272893129158504166e+00
4.600833263410038398e+00
4.916621389980647905e+00
4.939147348724674202e+00
4.966163770793130539e+00
5.195662470463489058e+00
5.209312858122416401e+00
5.213427023346639544e+00
5.298573079593367652e+00
