-9.402928178133151960e-02
8.096705941352411173e-01
1.778762826847014367e+00
2.257379865741313552e+00
2.823079132971543004e+00
3.097195697824645322e+00
3.387000467902907985e+00
3.925416201755069778e+00
3.931315526300750207e+00
3.941234943935342017e+00
4.143199558408014127e+00
4.229302738754995517e+00
4.552780278329009889e+00
4.872395789934671484e+00
4.886386115331333713e+00
4.913264723381871590e+00
5.126548445525259012e+00
5.158176962280776934e+00
5.159650413934286917e+00
5.247255816208053147e+00
