-9.119196162737353006e-02
8.126441346694264212e-01
1.781905236885904742e+00
2.260158459608646808e+00
2.826561553161809570e+00
3.100629855143779423e+00
3.390853785051149316e+00
3.929156168523149972e+00
3.935106685275059135e+00
3.945149679338101123e+00
4.147191313545590674e+00
4.233361376682296395e+00
4.557369601606296783e+00
4.876360688636850682e+00
4.890346942036558175e+00
4.917564281044178642e+00
5.133063683328145999e+00
5.162939646358609025e+00
5.164309891182710999e+00
5.251399244180902315e+00
