-7.443670797226786817e-02
8.337060108552805104e-01
1.811015886965037680e+00
2.292314849198191951e+00
2.870792889741551335e+00
3.139301269690008667e+00
3.438437681915843314e+00
3.980133010059603293e+00
3.985164683120046902e+00
4.013882362728168118e+00
4.193417504211652158e+00
4.289338997029403799e+00
4.630920239314036735e+00
4.938248863241710751e+00
4.951912664882001991e+00
4.995272325369683131e+00
5.232860670801755987e+00
5.243637503118179666e+00
5.243752642420986376e+00
5.321139264088969867e+00
