-9.981812827754765749e-02
8.080407085144543089e-01
1.781144614462391473e+00
2.258869694582244847e+00
2.830190155655145645e+00
3.097923212211753707e+00
3.393079960274917539e+00
3.930542037829582114e+00
3.936382104096992407e+00
3.951718241463822778e+00
4.143528742730268277e+00
4.234370424317603465e+00
4.562317418341990560e+00
4.876762344072631095e+00
4.890725330318673514e+00
4.922118710688664578e+00
5.141265385616861749e+00
5.167047689341416117e+00
5.168600887613138184e+00
5.251398012362187728e+00
