-5.223729639986629536e-02
8.490908348912995507e-01
1.809216783770878578e+00
2.285111818186450705e+00
2.839137546313068583e+00
3.118483563853814644e+00
3.401686089116324752e+00
3.930126657756815689e+00
3.932726439303408483e+00
3.933235583613452491e+00
4.155212465510246034e+00
4.234656416296388670e+00
4.540371128964480363e+00
4.863979783978464866e+00
4.884624157376634912e+00
4.898762835561456086e+00
5.090134975253349126e+00
5.130843515842073543e+00
5.135287248215973932e+00
5.235642740400095363e+00
