-8.774514244805686758e-02
8.181318694905712618e-01
1.790662525074367295e+00
2.270720023078865779e+00
2.841673755812735180e+00
3.112478103455941891e+00
3.406720072280222666e+00
3.946090383624778042e+00
3.951822036958219542e+00
3.967365252467971004e+00
4.161450018779760285e+00
4.251783585377324926e+00
4.580889643296359282e+00
4.897035183223124477e+00
4.911001274233512959e+00
4.943515927067437588e+00
5.165622733934014832e+00
5.188899911061980674e+00
5.190588107283929276e+00
5.273873473913681664e+00
