-9.283260575011809124e-02
8.111734438689381932e-01
1.779851948184841604e+00
2.258260529591098020e+00
2.824932633207936306e+00
3.098651850291389565e+00
3.388858178938789933e+00
3.927175564685057907e+00
3.933092599043447990e+00
3.942534704010540736e+00
4.145110367458983092e+00
4.231061634558500373e+00
4.554530869630980305e+00
4.873966705943530542e+00
4.887935105603901320e+00
4.915019548152486095e+00
5.129167946894995112e+00
5.160032579857215751e+00
5.161562841820341418e+00
5.249068035559503187e+00
