-9.147292746183666168e-02
8.141275066254820558e-01
1.786236023831406783e+00
2.265170061368735333e+00
2.834760082098910061e+00
3.107080715175470687e+00
3.399786961095742299e+00
3.939067235306538350e+00
3.945038882440712769e+00
3.958247257251969131e+00
4.155402014775972930e+00
4.243895481505205680e+00
4.571294330577075016e+00
4.888172472014048253e+00
4.902188888363525621e+00
4.932223135590902530e+00
5.152104239313302969e+00
5.178024376847133681e+00
5.179485874125020928e+00
5.264089810251789459e+00
