-9.421195561844797339e-02
8.109821815705799963e-01
1.782433568390842993e+00
2.261557111727597658e+00
2.829910414760888671e+00
3.102517693259869702e+00
3.394366286551303347e+00
3.933553307128022425e+00
3.939465726469279616e+00
3.952031190754496492e+00
4.149929114664701046e+00
4.237927630907506682e+00
4.564176938134551165e+00
4.882050200898447656e+00
4.896055381870610290e+00
4.925216389992783661e+00
5.142106396069721086e+00
5.170467701544112060e+00
5.172007581350044347e+00
5.257604301770697930e+00
