-7.769985674303825363e-02
8.258973615129434620e-01
1.794758989167462460e+00
2.273290869542847759e+00
2.841409729952829366e+00
3.116093202374145221e+00
3.407579477084368591e+00
3.946508420205873335e+00
3.952549223283881474e+00
3.966234392189448954e+00
4.165057149305084749e+00
4.252329777726345128e+00
4.579908493660013846e+00
4.897162290343885616e+00
4.910598790656422352e+00
4.941557469247754852e+00
5.166665829051794390e+00
5.188968562063791978e+00
5.189027278011394628e+00
5.274787640960198587e+00
