-7.025301607717437946e-02
8.525078551913907177e-01
1.845259647597686126e+00
2.323777106530485526e+00
2.923431780325472573e+00
3.165724690173874478e+00
3.487974600697214100e+00
4.025740512836932794e+00
4.031244884512432236e+00
4.081807228607885918e+00
4.217022634301827111e+00
4.335576580336351071e+00
4.700015502785618082e+00
4.981743314796915456e+00
4.994609866942482768e+00
5.062427127369403479e+00
5.308254083089366304e+00
5.310471823955879245e+00
5.324890685488924191e+00
5.361481385469573979e+00
