-9.975221276545198634e-02
8.047343303551315330e-01
1.774672638370248023e+00
2.253527668828610331e+00
2.820711621629016008e+00
3.093890705837111454e+00
3.384693899446574505e+00
3.923005371667386498e+00
3.928883295557170641e+00
3.939324856022722088e+00
4.140497567685088143e+00
4.227093786881596316e+00
4.550906058764667250e+00
4.870286576857324690e+00
4.884308311753557064e+00
4.911461535062699113e+00
5.126001845128485002e+00
5.156531922817521263e+00
5.158080815315770451e+00
5.244993011052429210e+00
