-9.828466097314958461e-02
8.057073705567745492e-01
1.774324388457898749e+00
2.252651698945555836e+00
2.818768622524657985e+00
3.092755775694968179e+00
3.382437185424350901e+00
3.920481768123863731e+00
3.926387703235377558e+00
3.935347111182636581e+00
4.138742806975642452e+00
4.224300738875172101e+00
4.546898159544070950e+00
4.866772275850962615e+00
4.880759294665040215e+00
4.907007497262384277e+00
5.119727127170335734e+00
5.151922305783955380e+00
5.153408971531462157e+00
5.241341191234823782e+00
