-6.301636264629451034e-02
8.382381583318192497e-01
1.805303871766909651e+00
2.283989968760295142e+00
2.845364696495948920e+00
3.120958096122535608e+00
3.409363017439261512e+00
3.943620412524069252e+00
3.949639856963017337e+00
3.959802659071556263e+00
4.163387043044167513e+00
4.250124438943373661e+00
4.571418880210615043e+00
4.887111186237063976e+00
4.900584763159940849e+00
4.936994911313888679e+00
5.141808337361624126e+00
5.175890341044066645e+00
5.177971287755781304e+00
5.263900073223851450e+00
