-9.725697365138330497e-02
8.066025694570271298e-01
1.775542884279275313e+00
2.253742418957699556e+00
2.819562986886012368e+00
3.093917134090588661e+00
3.383580894442275167e+00
3.921539132159523433e+00
3.927455022458161693e+00
3.936720264504401712e+00
4.139628597480623284e+00
4.225343999492906732e+00
4.548254197172354907e+00
4.868039531120302854e+00
4.882052630269754445e+00
4.908329431895253947e+00
5.121717227000772255e+00
5.153374925208481727e+00
5.154824873374309391e+00
5.242556500816135667e+00
