-9.528337983283563517e-02
8.143103867860190803e-01
1.789569138321894570e+00
2.267263737388930167e+00
2.841429112309924676e+00
3.106177613046384067e+00
3.404226388813185622e+00
3.941650933033088222e+00
3.947448725668436964e+00
3.966204654232569737e+00
4.152195899643629673e+00
4.245830563108029310e+00
4.576974710116701317e+00
4.888531751152186189e+00
4.902477248630020767e+00
4.937073930468613980e+00
5.160374716275327955e+00
5.182067302808718523e+00
5.183631710075133014e+00
5.263538812863771454e+00
