-6.578248088965210627e-02
8.459183192941281959e-01
1.832137348804849353e+00
2.314769464716221137e+00
2.901417067563556884e+00
3.160916319184138956e+00
3.471605889150509938e+00
4.012880485564778610e+00
4.019203423173564715e+00
4.058520562868409343e+00
4.215379822184786462e+00
4.324518571413250356e+00
4.677961563062183359e+00
4.972611357301843782e+00
4.986083200306381968e+00
5.050878913616543286e+00
5.292936023661354739e+00
5.297471009570301703e+00
5.299223028512471956e+00
5.356018365589875430e+00
