-8.576085956428869395e-02
8.202724422621940903e-01
1.794032410780801001e+00
2.273988955390905176e+00
2.845556451298762113e+00
3.116244375531550759e+00
3.411070081112029584e+00
3.951310550162361324e+00
3.957296854131982400e+00
3.973983586293797998e+00
4.166038974878574663e+00
4.256579894761671312e+00
4.587628207596480934e+00
4.903156900929843687e+00
4.917246786303621775e+00
4.951004830748388486e+00
5.173509449954053707e+00
5.196208829831903131e+00
5.197730028303794825e+00
5.279808411487010744e+00
