-9.840828766755294055e-02
8.065717888966901228e-01
1.776726556232461007e+00
2.255398392182542011e+00
2.823224949152063346e+00
3.096278499011532404e+00
3.387252153381268727e+00
3.925813578942324966e+00
3.931727265167864971e+00
3.942354188588069519e+00
4.143221794307464734e+00
4.229956782899535028e+00
4.554302842247125227e+00
4.873118679483013693e+00
4.887113093940570252e+00
4.914778286929504247e+00
5.129791336410562508e+00
5.159919812271255068e+00
5.161447456986934412e+00
5.248142349060799461e+00
