-9.904351893055718392e-02
8.047495257815171499e-01
1.773640180421352852e+00
2.252099966110108653e+00
2.817678809369681403e+00
3.091822043599677272e+00
3.381402222497854382e+00
3.919548571735504083e+00
3.925464413445297396e+00
3.934733008209150285e+00
4.137516945917013800e+00
4.223230883460928453e+00
4.545906731815193780e+00
4.865838120833359426e+00
4.879806774337339448e+00
4.906029900761495810e+00
5.118489738331845729e+00
5.150914226618624525e+00
5.152381072410207707e+00
5.240497534581663786e+00
