-7.061596848581075392e-02
8.400878962016236073e-01
1.821377692843100249e+00
2.303858171574916014e+00
2.888534377601160941e+00
3.150374337755863507e+00
3.456873511480978323e+00
3.997596878017077415e+00
4.003284636334285551e+00
4.036192908356099451e+00
4.205170148510660511e+00
4.308385665030982636e+00
4.657760871950927140e+00
4.957403863227341390e+00
4.970462732001749373e+00
5.022987377116464813e+00
5.268675544054133297e+00
5.269163799976240625e+00
5.271339484600275682e+00
5.337496421813341385e+00
