-6.523731850006697641e-02
8.440129833961123040e-01
1.827631165608863739e+00
2.310531590496736953e+00
2.894087321276288094e+00
3.157593574380371138e+00
3.464254011444211301e+00
4.006173101644037615e+00
4.012503769186764657e+00
4.047974826770712298e+00
4.212912143670735077e+00
4.317826824067935831e+00
4.667318517433898251e+00
4.966684828629638560e+00
4.980206844612894201e+00
5.040476684267048313e+00
5.282778914877155785e+00
5.285098547030088412e+00
5.287139543137811870e+00
5.350088902873721963e+00
