-7.462151472395817109e-02
8.459724884764909802e-01
1.835162690313723033e+00
2.312723282895490229e+00
2.906662425585750498e+00
3.154983647427229698e+00
3.470798222779080788e+00
4.009492367266716428e+00
4.014354051015061486e+00
4.061490827011652982e+00
4.205466998624274311e+00
4.317885521046946451e+00
4.675543930176672802e+00
4.963754766427200593e+00
4.977249377461021140e+00
5.037310893957965163e+00
5.285207800807938838e+00
5.285305478786995081e+00
5.292328909278921856e+00
5.346565094239963400e+00
