-9.976270436163758859e-02
8.047554906515870243e-01
1.774725030096306000e+00
2.253573676542146131e+00
2.820796290870930534e+00
3.093923518870724365e+00
3.384774212136107963e+00
3.923077252817165572e+00
3.928954822462401353e+00
3.939443465162185021e+00
4.140519420732744038e+00
4.227164569354499690e+00
4.551021865809161682e+00
4.870347264994052239e+00
4.884368878207169473e+00
4.911572726065060124e+00
5.126156347600044683e+00
5.156640985413105227e+00
5.158189879155543167e+00
5.245054425409762189e+00
