-6.047337819302356365e-02
8.505413497852032378e-01
1.835589044763878519e+00
2.319200165067542230e+00
2.907046134463087128e+00
3.167146329107168867e+00
3.476249285056866256e+00
4.020764438245578276e+00
4.025252785631977304e+00
4.066192939671992690e+00
4.228618855059437465e+00
4.332304672763115150e+00
4.687762067270426769e+00
4.984789869430983345e+00
5.001082184345051473e+00
5.056179249673760978e+00
5.300638587468483820e+00
5.304145218869791734e+00
5.315354848363739393e+00
5.360155892419157908e+00
