-9.116679925227799686e-02
8.126946435750141973e-01
1.780967491038609296e+00
2.259153655882983003e+00
2.825097720288795244e+00
3.098911696147297334e+00
3.388652534203174582e+00
3.926473516154146637e+00
3.932391334221392754e+00
3.941083052653084451e+00
4.144416032598201127e+00
4.229995176594457007e+00
4.552522250927722780e+00
4.872118024028168293e+00
4.886084551196290704e+00
4.912490925230486027e+00
5.125133628520416096e+00
5.157250792947706941e+00
5.158781796600123926e+00
5.246658860633033328e+00
