-9.848966800927883014e-02
8.103215344344789628e-01
1.784074024955771165e+00
2.261470154229755281e+00
2.833996088793355739e+00
3.100863732841389719e+00
3.396794696389406454e+00
3.934390949085354805e+00
3.940261767864285503e+00
3.956446446863992605e+00
4.146669695546734147e+00
4.238240625611069845e+00
4.567294542004674440e+00
4.880491175863426179e+00
4.894419699288846459e+00
4.926918424247560324e+00
5.147161550823511789e+00
5.171899426557502011e+00
5.173432674240757478e+00
5.255437311527202837e+00
