-6.547802977291894422e-02
8.597523652650806980e-01
1.858899748763292337e+00
2.337238174383003297e+00
2.940548900327655701e+00
3.178345893888035789e+00
3.506817140881764772e+00
4.044697596542221163e+00
4.050907347633881272e+00
4.109930821383841248e+00
4.228589398440249170e+00
4.355109351611702095e+00
4.725647151974271765e+00
5.000165562625625171e+00
5.013295588961568683e+00
5.095308430395959931e+00
5.336615788724827780e+00
5.341997841345346387e+00
5.362865711208655739e+00
5.380324638946888172e+00
