-9.280686140755278757e-02
8.112822891362156952e-01
1.780023758940842526e+00
2.258414302024903009e+00
2.825146699217839341e+00
3.098811721846686851e+00
3.389054221924197918e+00
3.927374551898537902e+00
3.933291449890930380e+00
3.942773105972264602e+00
4.145290601188207802e+00
4.231260130322880286e+00
4.554754243405113812e+00
4.874177143288761727e+00
4.888144546033799998e+00
4.915233105024526594e+00
5.129414937187902979e+00
5.160253149219897750e+00
5.161783401674256311e+00
5.249282170384503843e+00
