-9.648902912158519030e-02
8.085727276211400749e-01
1.778754579961969284e+00
2.257873999766161432e+00
2.825557016931270482e+00
3.098798171722592087e+00
3.390198523891740479e+00
3.928680891769545269e+00
3.934583262980595464e+00
3.946224830786377424e+00
4.145747442138599581e+00
4.232909109170577722e+00
4.558051555814017775e+00
4.876645199048653012e+00
4.890620170290276292e+00
4.918855545154656284e+00
5.134558188761729980e+00
5.164115007697546389e+00
5.165463783256200259e+00
5.252041506906607538e+00
