-8.811613125726580620e-02
8.185789580411437782e-01
1.791953287627165992e+00
2.271933375791377330e+00
2.843896389166275185e+00
3.113346005137373140e+00
3.408947890174204076e+00
3.948102617685435689e+00
3.953823774093052634e+00
3.970621188797395007e+00
4.162023079958999006e+00
4.253801368538006500e+00
4.584208942408622534e+00
4.898759040546792676e+00
4.912729627277713007e+00
4.946773774283883540e+00
5.170039180291951197e+00
5.192091870830154221e+00
5.193781647993091610e+00
5.275652011006059183e+00
