-6.787343732952422215e-02
8.346500626756210295e-01
1.801041996509809451e+00
2.280164846466277595e+00
2.844911250135908176e+00
3.119436545561939056e+00
3.408649680041719421e+00
3.943673028447506113e+00
3.949378854198755562e+00
3.959709905894214899e+00
4.163944673339017299e+00
4.249936701688227458e+00
4.574525549203997343e+00
4.890626340215078471e+00
4.903358196886244968e+00
4.934060523333926085e+00
5.147283842390777409e+00
5.177128755938326776e+00
5.178834420923635662e+00
5.264318268413774149e+00
