-7.811698540433553717e-02
8.296782267782418785e-01
1.805619349203311685e+00
2.285662277128835740e+00
2.862152798842998891e+00
3.131870394723478057e+00
3.430035770737390521e+00
3.971333343947321737e+00
3.977454243379384025e+00
3.999801151065071281e+00
4.184978180858706764e+00
4.278651078283360221e+00
4.615447896979048892e+00
4.926577974846054531e+00
4.940099691268073911e+00
4.978884396884495800e+00
5.216022741673214114e+00
5.227444458840068364e+00
5.227652845928105307e+00
5.306410827213539960e+00
