-9.993869791651377454e-02
8.048463876912137493e-01
1.775092584350204561e+00
2.253924459699192084e+00
2.821471506329544354e+00
3.094155307408072986e+00
3.385464320934261195e+00
3.923692411546653602e+00
3.929567007988225669e+00
3.940462392049084883e+00
4.140645159292034805e+00
4.227782120011397637e+00
4.552073264727368951e+00
4.870857326139230281e+00
4.884881668600428384e+00
4.912606850688462146e+00
5.127556159866799135e+00
5.157650075350829866e+00
5.159198715009551961e+00
5.245582648793060798e+00
