-1.011976965310168453e-01
8.033621671565924771e-01
1.773190477186290082e+00
2.251676630810834467e+00
2.818443194431893062e+00
3.092196399156819098e+00
3.382567259046481922e+00
3.920768780299113132e+00
3.926672279354534112e+00
3.936747915642627049e+00
4.138364509504754096e+00
4.224703722997219302e+00
4.548313595652871300e+00
4.867712229293829296e+00
4.881729054715833627e+00
4.908560983363713603e+00
5.122659429063787684e+00
5.153664435376413167e+00
5.155159876849211287e+00
5.242399890565138776e+00
