-9.807318670209497213e-02
8.055591093943803571e-01
1.773993262977455743e+00
2.252464483470248524e+00
2.817916965446784161e+00
3.091953579554683529e+00
3.381469551932241302e+00
3.919141933060018346e+00
3.925008161575533450e+00
3.933799125668883789e+00
4.137366752715024631e+00
4.222831536237208638e+00
4.544854025436507072e+00
4.865136476531915832e+00
4.879151825349254068e+00
4.904917707921413239e+00
5.116999800091434736e+00
5.149688897137821186e+00
5.151199989100859966e+00
5.239260153255600017e+00
