-1.011101332478574477e-01
8.027527689991984516e-01
1.771507157602172811e+00
2.249752043346234132e+00
2.815339370885340031e+00
3.089725625417486299e+00
3.379212735169858206e+00
3.917051806864037644e+00
3.922950348060112447e+00
3.931885102902015205e+00
4.135220761971140746e+00
4.220761077398492489e+00
4.543176385959668551e+00
4.863284108461812139e+00
4.877297115854162257e+00
4.903171715093776584e+00
5.115700023969111498e+00
5.148115080104616936e+00
5.149584236998634879e+00
5.237656625962699763e+00
