-4.640384831500341534e+00
-4.621872171217546565e+00
-4.340019800118170679e+00
-4.047596501659427304e+00
-3.788712726911398931e+00
-3.500625135699010571e+00
-3.500128025405501830e+00
-3.245186156897034380e+00
-2.961714965596911497e+00
-2.960022577450217796e+00
-2.950695116967835929e+00
-2.905771174146138947e+00
-2.905068504269365803e+00
-2.706752852009230992e+00
-2.442483464123142767e+00
-2.435240412240091246e+00
-2.435130722667963710e+00
-2.430838952197518665e+00
-2.430383423014063737e+00
-2.418346989221390686e+00
