-1.343364783534298112e+00
-5.536782689161441340e-01
3.777955218131410220e-01
7.135540156107822440e-01
1.272445034292672972e+00
1.367100029686582729e+00
1.861496359947011570e+00
1.916377183911379234e+00
2.183761148144071740e+00
2.196432166927365870e+00
2.468744472197386131e+00
2.607646040724091563e+00
2.643502087360161568e+00
2.740850269995576127e+00
2.770558127504443746e+00
3.039495794364370340e+00
3.159309437739523219e+00
3.228001156087088930e+00
3.247626732611365696e+00
3.255442070738467919e+00
