-2.999780725830532901e+00
-2.567673897205168032e+00
-1.999292650550160033e+00
-1.525011672523760353e+00
-1.252487997611751780e+00
-8.798911525927906041e-01
-6.765027781357275671e-01
-2.980994339413882699e-01
-2.725190376113459934e-01
-2.692791798926919000e-01
-1.829947775850087055e-01
5.021279227548802737e-03
3.385312206373782828e-01
4.058181873106150306e-01
4.081895309209357947e-01
5.324564062648278195e-01
7.192899530400609365e-01
7.523020911621642881e-01
8.213825805314627360e-01
8.216379576870167512e-01
