-4.120893879067807575e+00
-4.017701414217299316e+00
-3.746094711446858128e+00
-3.337181614549990627e+00
-3.157246261454929481e+00
-2.750229390478125424e+00
-2.723334691903801286e+00
-2.546943377034040168e+00
-2.253861268307446153e+00
-2.253107258729869500e+00
-2.130008357595215784e+00
-2.104723285050567938e+00
-2.019845005614115507e+00
-1.936210965730424505e+00
-1.650658084481619881e+00
-1.650032301267856383e+00
-1.611850639192198287e+00
-1.609462360973338946e+00
-1.586552022108662641e+00
-1.510358067938796012e+00
