-3.731893617586024448e+01
-2.838727729337904293e+01
-2.821112185052959376e+01
-2.812600243129418232e+01
-2.771639906554685240e+01
-2.759075795929811648e+01
-2.755257684547109420e+01
-2.738409937880226153e+01
-2.713600718660472921e+01
-2.695744851857739377e+01
-2.679025055151703327e+01
-2.673326076436615040e+01
-2.664460536929937007e+01
-2.653541993100350282e+01
-2.653541993100350282e+01
-2.641615292868812048e+01
-2.641406361898236810e+01
-2.628411011175433032e+01
-2.622228981978594220e+01
-2.592359886334497787e+01
