-2.895262287958757952e+00
-2.396222936040430795e+00
-1.784049369860440493e+00
-1.378739220386705711e+00
-1.015069877457790426e+00
-7.967814393668959383e-01
-5.095539531448594062e-01
-1.561304540682613151e-01
-1.391542040091735544e-01
-1.389144383010716410e-01
-7.288817261178337503e-02
1.077398067063768394e-01
4.872548453913623234e-01
4.872931436693761498e-01
4.985256503823620733e-01
5.087384682883566711e-01
7.668137031250807922e-01
8.547240338903066004e-01
9.445413180346804438e-01
9.466259116306900978e-01
