-2.343331474119167979e+00
-1.741224188426713226e+00
-1.018817997622591065e+00
-6.336616552443956607e-01
-1.180256145453313366e-01
-5.367251701136410702e-02
3.771666769539478992e-01
6.039308442914261832e-01
7.434328598292267998e-01
7.465497067805699771e-01
9.641562561241698859e-01
1.000236202077758207e+00
1.288891002312993805e+00
1.376400860540798021e+00
1.381509659989660577e+00
1.538363443110029039e+00
1.682053868853472522e+00
1.876890228420052154e+00
1.943021069464975881e+00
1.943480078067295835e+00
