-2.986588083294009266e+00
-2.621320686168473912e+00
-2.115909300481234823e+00
-1.585713891761315608e+00
-1.409547809088508075e+00
-9.009072444819139491e-01
-7.863819326162229117e-01
-5.013977959015392116e-01
-3.616962646078718535e-01
-3.616348035720875487e-01
-1.821587605741115112e-01
-7.688318862255982822e-02
1.766645871912260191e-01
3.370683538555567793e-01
3.392970133513699693e-01
5.425438151619346172e-01
6.215487973627205065e-01
6.301519654384719615e-01
6.597529276677960297e-01
6.707038679460310959e-01
