-2.446950100179492438e+00
-1.945038447132446890e+00
-1.279783157161773488e+00
-8.059569549081970763e-01
-4.067201637105881673e-01
-1.330162215126620140e-01
1.712907399564755906e-01
5.843776433264338266e-01
5.849813544152766553e-01
6.034722415849955723e-01
6.630704290842004411e-01
8.849151906711085758e-01
1.287386829569641122e+00
1.297714936512647910e+00
1.300468533315324748e+00
1.353393329890423047e+00
1.633374744794082289e+00
1.735903482425328548e+00
1.795880208131620748e+00
1.798601017185319506e+00
