-2.089057150272697072e+01
-1.613448283838545194e+01
-1.575994831560356602e+01
-1.531672802890199137e+01
-1.428588099462200489e+01
-1.416682465672752755e+01
-1.410968046909792406e+01
-1.385683487292089922e+01
-1.376554757700151299e+01
-1.365745076773907840e+01
-1.347804931593896072e+01
-1.344754824982942409e+01
-1.323981403179553240e+01
-1.318185206198526771e+01
-1.305973870839810047e+01
-1.291043620441715234e+01
-1.262652582347237740e+01
-1.260717557786827570e+01
-1.253061731372122267e+01
-1.248117221871129345e+01
