-2.919968451318510461e+00
-2.634826985621174344e+00
-2.136362376743761615e+00
-1.475452280810600314e+00
-1.461718609384774936e+00
-6.565190127777782436e-01
-6.245267067002941985e-01
-2.705778951347781458e-01
-1.700713421929265223e-01
-1.632419094973442952e-01
1.609696002089151534e-01
2.724176698867779578e-01
3.913628649344786936e-01
6.482497147099195445e-01
7.001122881370633877e-01
7.060141898813014905e-01
8.697832018778797192e-01
8.711896954434905638e-01
8.872566300809694440e-01
1.015049975569752405e+00
