-1.229238315926389191e+01
-1.083203720794710989e+01
-9.727824845671563025e+00
-9.647409002358529051e+00
-9.209060096608993717e+00
-8.969021149624524014e+00
-8.373141497026409752e+00
-8.292335444602969119e+00
-8.117631367392590391e+00
-8.032649887125472787e+00
-7.894804000275996714e+00
-7.826383911755357303e+00
-7.665611834894349386e+00
-7.664274356492086326e+00
-7.547424786623366799e+00
-7.525706143080356014e+00
-7.475351391148137736e+00
-7.466745241753102391e+00
-7.426625711219685400e+00
-7.423384839720938544e+00
