-2.842154995243868143e+01
-2.148454104622146588e+01
-2.142566086840270145e+01
-2.139471920981065978e+01
-2.093517856157939150e+01
-2.068596821626590554e+01
-2.026479848016367669e+01
-2.022318951929958075e+01
-2.018083021999734683e+01
-2.001603482534756040e+01
-1.966401619649468557e+01
-1.958844293675224435e+01
-1.950104366144830692e+01
-1.946303942790768815e+01
-1.920462836395461181e+01
-1.914614334360226167e+01
-1.910633069852224253e+01
-1.895425951856691427e+01
-1.891104070922881419e+01
-1.884800875622909189e+01
