-4.275705846694108914e+00
-4.246082821221079939e+00
-3.975725527495342249e+00
-3.627554602656800853e+00
-3.371782754994001152e+00
-3.065247001127772819e+00
-3.014501669642413617e+00
-2.769071578582497750e+00
-2.494743540745275823e+00
-2.490370171870836202e+00
-2.460990424128794984e+00
-2.408759947438738891e+00
-2.396123565568814229e+00
-2.174302046485536266e+00
-1.930548476136209501e+00
-1.927029300473805051e+00
-1.913999690532364184e+00
-1.913463240299279278e+00
-1.874476945236438041e+00
-1.860456234944649623e+00
