-4.595175343634764431e+00
-4.592414753742104949e+00
-4.268515702003014667e+00
-3.986116526554496886e+00
-3.715846379902131957e+00
-3.414185973981375355e+00
-3.397499322712292269e+00
-3.145826867599907928e+00
-2.846793993502842568e+00
-2.837541461511136731e+00
-2.835980314657035706e+00
-2.816357531022504190e+00
-2.808949427919969821e+00
-2.561502320495264939e+00
-2.329630455797541799e+00
-2.329406080353692232e+00
-2.285036677464404420e+00
-2.258998946384281226e+00
-2.256458447294335201e+00
-2.250833391094829494e+00
