-3.582621768116950989e+00
-3.272817822704382706e+00
-2.824362848568853224e+00
-2.314184827100689290e+00
-2.216461305553821148e+00
-1.673047070722532226e+00
-1.625417162867961451e+00
-1.431378151824901579e+00
-1.209566217792598763e+00
-1.208467230586393271e+00
-1.008669319900945993e+00
-9.657506339935935102e-01
-8.003041462106921244e-01
-5.565177158496226184e-01
-5.559988196837366559e-01
-4.591197900372208096e-01
-3.577479953892179765e-01
-3.330382257263408974e-01
-3.107714248872071039e-01
-3.100357045295822900e-01
