-3.448426315007964149e+00
-3.078780140549497446e+00
-2.582262408574024448e+00
-2.098740367160644382e+00
-1.922412527470442001e+00
-1.465044521068193717e+00
-1.346387970374053111e+00
-1.076265171857812675e+00
-9.406700305589765776e-01
-9.370248058257857338e-01
-7.949403489401447587e-01
-6.875183580232260283e-01
-4.542399087185913231e-01
-2.874617759734974243e-01
-2.862028281815582886e-01
-1.127721113516599871e-01
-4.085567045331117697e-02
-3.403581283419043757e-02
-3.855696151731535792e-03
2.658882101968629286e-02
