-4.127086456892357091e+00
-4.005371027138608042e+00
-3.722627833745718817e+00
-3.298951815895634354e+00
-3.143965181940075126e+00
-2.702192665867187316e+00
-2.688136053591733798e+00
-2.531206659454255714e+00
-2.228327413789884304e+00
-2.224927697929160786e+00
-2.083525502956035780e+00
-2.067518385978473816e+00
-1.953082423115120037e+00
-1.920647069176993682e+00
-1.625467349565951736e+00
-1.624396271217847243e+00
-1.567500418990675826e+00
-1.567228731368231820e+00
-1.551787072146908031e+00
-1.460034024574270006e+00
