-4.916330448721055291e+00
-4.910924054933275329e+00
-4.549424206697949558e+00
-4.321031029425284942e+00
-4.091240405279677361e+00
-3.835941801009539631e+00
-3.730371376534094452e+00
-3.598497232749650721e+00
-3.347445112392961164e+00
-3.271012265813624253e+00
-3.235207137253382825e+00
-3.154826844784111017e+00
-3.152440351779659977e+00
-3.106709274848981295e+00
-2.850678665698069381e+00
-2.807305433840156184e+00
-2.788922921545236022e+00
-2.751112360212573549e+00
-2.749052082313937717e+00
-2.740879901659354800e+00
