-3.351318446930235950e+00
-3.014064384624361992e+00
-2.541368124682776397e+00
-2.030885473015587195e+00
-1.894996181395981694e+00
-1.378505861568555702e+00
-1.297485132425208576e+00
-1.063247428563045105e+00
-8.830163684542640112e-01
-8.824934765525540570e-01
-6.963693644247541670e-01
-6.240217258855409455e-01
-4.194923120976454811e-01
-2.137850689541664906e-01
-2.137699834984232439e-01
-3.392206065109348856e-02
-5.820249851240077987e-03
1.924085829887189902e-02
6.944367100186354946e-02
7.047803353088966105e-02
