-2.724028615970382816e+00
-2.196421529812141671e+00
-1.547647590539781959e+00
-1.151263258132530609e+00
-7.464870750463887816e-01
-5.691900112342409557e-01
-2.433281440298742382e-01
7.369170464698981959e-02
1.271278067852108506e-01
1.277952110576734412e-01
2.437207392540585715e-01
3.771753157416242175e-01
7.455738390199257992e-01
7.554601778083451791e-01
7.558816621385631151e-01
8.126984803184313932e-01
1.043874114877326065e+00
1.160544884012779221e+00
1.258456636576738674e+00
1.260386079793534009e+00
