-3.591309219813410891e+00
-3.282102954632136971e+00
-2.833974155539181083e+00
-2.323035876055655535e+00
-2.226202627360180486e+00
-1.681300591073522810e+00
-1.634467268359003356e+00
-1.441056170704541728e+00
-1.218229158414033009e+00
-1.217127625928696943e+00
-1.016436012210760964e+00
-9.742351742170285434e-01
-8.093459447154600639e-01
-5.646849711374670733e-01
-5.641673214158799965e-01
-4.685464482063252944e-01
-3.661305215100583155e-01
-3.403943274242919870e-01
-3.193866872570652049e-01
-3.186506024430855177e-01
