-3.160398446621002222e+00
-2.753914447755050787e+00
-2.208886121678006020e+00
-1.733409403815130645e+00
-1.495171728315654036e+00
-1.090527683374602930e+00
-9.202144763958131080e-01
-5.849171835197921610e-01
-5.148076802579453215e-01
-5.139684117148135556e-01
-4.064794798950970289e-01
-2.473573417873922153e-01
4.682761883213970577e-02
1.549880390575708589e-01
1.556305097838048823e-01
2.943108455565379700e-01
4.560346931248204783e-01
4.574734733541845344e-01
5.290853594624422840e-01
5.315924026108405087e-01
