-3.260839652527465660e+00
-2.919689069434753037e+00
-2.431869285993343510e+00
-1.915186323921261646e+00
-1.770298252493375912e+00
-1.251823207183406339e+00
-1.164478253299421340e+00
-9.146266986599584925e-01
-7.450832605318282731e-01
-7.440617224265224650e-01
-5.592957646958893747e-01
-4.768652697357538273e-01
-2.601621353242080659e-01
-6.630358357051591156e-02
-6.527377199654438300e-02
1.439836962917979690e-01
1.568668471518321894e-01
1.827041385286065633e-01
2.321983510810241569e-01
2.344616887212396250e-01
