-2.016595362871100861e+00
-1.463506834254133082e+00
-7.441780849074461912e-01
-2.745171585946764026e-01
1.047442822795687789e-01
4.353306597224673169e-01
7.841033232024301469e-01
1.192981197173708097e+00
1.196096660753369179e+00
1.202376133187613050e+00
1.331083783847645918e+00
1.567720911690003049e+00
1.893715913037794962e+00
1.908796420796932125e+00
1.929281501986167768e+00
2.035175614467959804e+00
2.225537016025384673e+00
2.287636929639120353e+00
2.307044784273216464e+00
2.312288754774613153e+00
