-3.053714197067165514e+00
-2.580962625004758593e+00
-1.999077797980135074e+00
-1.585787348576559452e+00
-1.266496084514074028e+00
-1.003714538674103096e+00
-7.538588231473113410e-01
-3.803479738344321959e-01
-3.768962114081659820e-01
-3.660060763068031520e-01
-3.579013948510691989e-01
-1.381985131774854381e-01
2.104328479290415999e-01
2.389213724527508020e-01
2.401106540637556463e-01
2.928252675483236089e-01
5.160229336033808067e-01
5.728825832338770851e-01
6.583608824585098773e-01
6.587347659005899914e-01
