-3.481018252445210237e+00
-3.155931664234230993e+00
-2.697196290271676844e+00
-2.186362481192190899e+00
-2.073203462725359714e+00
-1.539850205299444497e+00
-1.476697512771352194e+00
-1.262654269372433191e+00
-1.060783956152590690e+00
-1.057287244992039632e+00
-8.660340960122994147e-01
-8.095004740098374896e-01
-6.266115617254399695e-01
-4.027549636302865110e-01
-4.014703281500260346e-01
-2.650787257152842358e-01
-1.849548606915050186e-01
-1.824605652946047485e-01
-1.372168161069566850e-01
-1.370329864330415148e-01
