-2.123280307487902974e+00
-1.488158965905086006e+00
-7.079380671527815139e-01
-3.297945377844371251e-01
2.246329043284731597e-01
2.474547053602691449e-01
7.270976814040750469e-01
9.057669070393785660e-01
1.088422817548917010e+00
1.090105201755022790e+00
1.349741707441580729e+00
1.382708758830176521e+00
1.608497334867251993e+00
1.723036544611886711e+00
1.732929691294430086e+00
1.944897031639357010e+00
2.047498439871333176e+00
2.255864046453098126e+00
2.301040500803992472e+00
2.303903783108125936e+00
