-1.914656313704756485e+01
-1.598133482180901410e+01
-1.457249864165669351e+01
-1.435588982920091894e+01
-1.420168620787637792e+01
-1.395660002832585178e+01
-1.390756067911866012e+01
-1.346346778309100500e+01
-1.338693756134307478e+01
-1.331591464820917281e+01
-1.330921555137558698e+01
-1.318092076845414340e+01
-1.309165852211435777e+01
-1.308859638104820533e+01
-1.293966077832533301e+01
-1.290509158317001948e+01
-1.287767736119940309e+01
-1.285561626644630451e+01
-1.275130716515320728e+01
-1.265078369164450578e+01
