-3.197928066681924975e+00
-2.756188724571984494e+00
-2.197221316677314462e+00
-1.778211077289597597e+00
-1.495403908000298543e+00
-1.193018493704585126e+00
-9.797289878370065708e-01
-6.242138590168906376e-01
-6.030549978058843408e-01
-6.018896430578024592e-01
-5.601710058399476111e-01
-3.650077309212065302e-01
-5.272315356342005543e-02
1.648744628255371936e-02
1.662318146190955304e-02
9.516253547189990059e-02
2.840080649584706407e-01
3.152741589692595880e-01
3.975027886117459275e-01
3.987365263747051358e-01
