-3.011288331497780746e+00
-2.648272018437637598e+00
-2.144305149548472400e+00
-1.611111497993533703e+00
-1.438566149122834759e+00
-9.238213248036117875e-01
-8.126124318814618164e-01
-5.303083514795616793e-01
-3.864683419828907063e-01
-3.863897596093011089e-01
-2.030944366442781757e-01
-1.007332255599067139e-01
1.503567743834537396e-01
3.142958446719603671e-01
3.165615257689751161e-01
5.233492614734132076e-01
5.976299770677542256e-01
6.019177130847310764e-01
6.378834926881609135e-01
6.458879445322054380e-01
