-4.363115311175533861e+00
-4.341342735323905799e+00
-4.066997867214467988e+00
-3.730391029290331062e+00
-3.468726321677877422e+00
-3.169574570341410436e+00
-3.122763334724368178e+00
-2.870396298288596881e+00
-2.596376694586069789e+00
-2.591936168295433163e+00
-2.572749220901187073e+00
-2.523370280318431469e+00
-2.514965087379550823e+00
-2.280666894913792930e+00
-2.046258019870492717e+00
-2.042654998367652297e+00
-2.021972452217141836e+00
-2.021374676827690564e+00
-1.988474883265098470e+00
-1.977273944549324369e+00
