-2.816607791234048364e+00
-2.467946908434385023e+00
-1.964910729287964841e+00
-1.351292691353478403e+00
-1.249107982247892323e+00
-6.038837395885252590e-01
-5.504781206441862196e-01
-3.059821558947533049e-01
-7.871111981535250379e-02
-7.309060954719370784e-02
1.596072220268638375e-01
2.383402660352089697e-01
4.925531702660350675e-01
6.668934959869261547e-01
6.719527538878082851e-01
9.609994865322164515e-01
1.014258346279746092e+00
1.014875502917846006e+00
1.032318938889886795e+00
1.041746620706874182e+00
