-2.914924533264183992e+00
-2.563996232719091495e+00
-2.038003448825975283e+00
-1.489274895533526433e+00
-1.324115405532666045e+00
-7.881401011843536253e-01
-6.767079469475447695e-01
-3.824563974687862355e-01
-2.527857055663389474e-01
-2.511696119211137557e-01
-5.258168751515768236e-02
5.308036727433318447e-02
3.148294962268209929e-01
4.699885781990360556e-01
4.845888727304554777e-01
7.002319335358606622e-01
7.570614252649647824e-01
7.815650373495373060e-01
8.168792042215500260e-01
8.284346603240919649e-01
