-2.900815537781227249e+00
-2.549793012351756261e+00
-2.024290200198947787e+00
-1.476735204718806926e+00
-1.311206249635233689e+00
-7.769672391259518918e-01
-6.652405181512222043e-01
-3.711915963967840071e-01
-2.420896922510564764e-01
-2.404765829553525691e-01
-4.282815903388836887e-02
6.309489827026482089e-02
3.246490841167997132e-01
4.793314094379184098e-01
4.938349614176331670e-01
7.086514872635234497e-01
7.660074867087587336e-01
7.908032530713171582e-01
8.253858235711959423e-01
8.373001861580178229e-01
