-4.156748843186505837e+00
-4.024152285863237921e+00
-3.732952344271325273e+00
-3.298031946545961546e+00
-3.160393144964473322e+00
-2.697028197486361023e+00
-2.692360618999373401e+00
-2.548806668721226742e+00
-2.238120990834431723e+00
-2.237127608736045659e+00
-2.080319468732341193e+00
-2.071862249376863474e+00
-1.940064218764746329e+00
-1.937222825472417753e+00
-1.632799458340741694e+00
-1.632309483138669748e+00
-1.566169643625471508e+00
-1.565358065719919978e+00
-1.558375644617626676e+00
-1.456240310737484833e+00
