-7.606784011663393130e+00
-6.858561999837320400e+00
-6.276900466134151202e+00
-6.182136781000082237e+00
-6.040939821672878907e+00
-5.999731748882368265e+00
-5.931651833988780709e+00
-5.679531088157460772e+00
-5.679075658646326019e+00
-5.332587131942915448e+00
-5.232405118023251589e+00
-5.112274450720548202e+00
-4.894172065228929114e+00
-4.759243931133909200e+00
-4.748718304158813908e+00
-4.721036028109097060e+00
-4.716419144026986032e+00
-4.701292024737227848e+00
-4.608634288973433968e+00
-4.563196674172615985e+00
