-5.423434574003749731e+00
-5.368992073518029429e+00
-4.831197697940865510e+00
-4.684116514953075239e+00
-4.436297682318127045e+00
-4.222484021490913619e+00
-3.965678519306607086e+00
-3.951788626747315902e+00
-3.702994057803834949e+00
-3.526760527563169489e+00
-3.485879167989651251e+00
-3.439250561842072784e+00
-3.434905517296783728e+00
-3.427408783587338803e+00
-3.197049323493274642e+00
-3.076896531916077038e+00
-3.056617095343540313e+00
-3.053181415102471874e+00
-3.039819872790872068e+00
-2.997047676312149633e+00
