-2.542122396980630583e+00
-1.977420643587720406e+00
-1.295856265197471657e+00
-9.029248644301333115e-01
-4.476647211922681890e-01
-3.258963704092820990e-01
4.969361141411354765e-02
3.260497561841475544e-01
4.163948857776631485e-01
4.189218740229989635e-01
5.955437308530235896e-01
6.736789098104054574e-01
1.008782838632214407e+00
1.049021510847524041e+00
1.050878125777671812e+00
1.162999015298737504e+00
1.346719290880173503e+00
1.511094476016296539e+00
1.606133406727167312e+00
1.606415851692872820e+00
