-4.576652298873000291e+01
-3.606061971608755812e+01
-3.544967158000542895e+01
-3.506292915978758629e+01
-3.499623887739255679e+01
-3.463116907234655173e+01
-3.463116907234655173e+01
-3.457269508399190272e+01
-3.431316677774952950e+01
-3.431114394828875902e+01
-3.407977834282326057e+01
-3.395991989178833137e+01
-3.391553329932378347e+01
-3.384477307425959225e+01
-3.368227980117274001e+01
-3.367421717458432795e+01
-3.353879990159259705e+01
-3.352878163210789353e+01
-3.345751971117613266e+01
-3.343391048618161676e+01
