-3.125064894623392320e+00
-2.772194941657289746e+00
-2.271545016454183497e+00
-1.751162825276878721e+00
-1.592454469105177850e+00
-1.080609661625203444e+00
-9.783397345072444296e-01
-7.043462634801471722e-01
-5.583768104606861016e-01
-5.548355163591622841e-01
-3.748777158270968357e-01
-2.798130071314517409e-01
-4.131324362515442772e-02
1.301491330286808079e-01
1.325207887539363583e-01
3.437086318463116186e-01
3.897238486133574042e-01
4.079640109230240341e-01
4.415663774570930400e-01
4.542049027086250135e-01
