-3.243121603361942107e+00
-2.900742817695572739e+00
-2.412283149126778881e+00
-1.897328012097204919e+00
-1.750543165479029994e+00
-1.235433122522408667e+00
-1.146369531622440263e+00
-8.951786127217928879e-01
-7.278645322248848970e-01
-7.268517762395276804e-01
-5.441566468834935222e-01
-4.601771313064091373e-01
-2.422710374521557242e-01
-5.033909374196809949e-02
-4.930354525276925415e-02
1.580480543761950685e-01
1.755049188350312761e-01
1.991350661337492056e-01
2.476118834738372243e-01
2.513426372634057770e-01
