-1.638301371159855080e+00
-8.888118873522898866e-01
-1.022097829968515725e-02
3.544740279802454097e-01
9.197254678156241425e-01
1.041344023125247986e+00
1.484321013530916389e+00
1.577750004203949175e+00
1.823735501058081354e+00
1.831550050046644174e+00
2.098115335155398498e+00
2.187380841875778970e+00
2.265450052613914522e+00
2.425379125468339225e+00
2.437994240680836810e+00
2.753624686334319449e+00
2.768719980180549101e+00
2.943670284694121619e+00
2.947194914234614771e+00
2.994073733275968152e+00
