-6.803294662459848041e+00
-6.797404937235114630e+00
-5.714516208869554248e+00
-5.684868872919651039e+00
-5.619900900841912517e+00
-5.547697060404516378e+00
-5.453298380249179900e+00
-5.342591800182617590e+00
-5.261236136077513947e+00
-5.103695994337158481e+00
-5.067952976431570278e+00
-4.990629030128729937e+00
-4.869795307282856811e+00
-4.837792621349763067e+00
-4.713718133195470728e+00
-4.637790950355793029e+00
-4.591233972400914354e+00
-4.544930729722182150e+00
-4.476189470956796868e+00
-4.430200534131472523e+00
