-4.658412092689104611e+00
-4.657916516415298247e+00
-4.324309186241407588e+00
-4.054066798640405977e+00
-3.788661006517486385e+00
-3.494391440233130197e+00
-3.463623005133740662e+00
-3.229287281606048055e+00
-2.932204410419672058e+00
-2.924621114428873625e+00
-2.914545599754319483e+00
-2.892178640230667952e+00
-2.885070173202393562e+00
-2.652967722576249798e+00
-2.419451918954564462e+00
-2.419251334127238806e+00
-2.374797400714669493e+00
-2.351631675403268673e+00
-2.344976697958372824e+00
-2.340834506235978552e+00
