-4.169980049544392386e+00
-4.053824054086362594e+00
-3.773711642266789568e+00
-3.353869224380105152e+00
-3.192981215588588384e+00
-2.760145838432435994e+00
-2.742946368318371242e+00
-2.581083667140774196e+00
-2.282889096883081947e+00
-2.279469965693351696e+00
-2.142212942937476328e+00
-2.123431792235351168e+00
-2.015114289608391118e+00
-1.972069773444673046e+00
-1.681647873710971908e+00
-1.680575550013600150e+00
-1.627365874021052150e+00
-1.627122568594131735e+00
-1.608279916836181656e+00
-1.520066036586285918e+00
