-5.371923505580150504e+01
-4.747936645488630347e+01
-4.376600686573135590e+01
-4.359603211811179335e+01
-4.345314141969436150e+01
-4.289793264323998301e+01
-4.213404860178104627e+01
-4.148336925905221051e+01
-4.129331335517201751e+01
-4.103080585148256887e+01
-4.055365755597995303e+01
-4.030439158147930812e+01
-4.019798791268806326e+01
-4.007789241995430984e+01
-3.981882471484846064e+01
-3.954710487240322436e+01
-3.952990770362839612e+01
-3.918676249162012937e+01
-3.898503833952452169e+01
-3.895805064930380013e+01
