-4.130783844417237560e+00
-4.029160676825995324e+00
-3.759174107826765976e+00
-3.352750721445772797e+00
-3.173529534404224250e+00
-2.768936683820356848e+00
-2.742446010901403497e+00
-2.566758976805431303e+00
-2.277343304011083092e+00
-2.276602426352837938e+00
-2.152226564197917469e+00
-2.127366907208852354e+00
-2.042261088474333519e+00
-1.959759194973230478e+00
-1.677851970873234677e+00
-1.677206333366484614e+00
-1.639044075729543692e+00
-1.636658156126941321e+00
-1.612286275809310609e+00
-1.536199800359099754e+00
