-2.006671990842485798e+01
-1.549178942348194710e+01
-1.509871752270561274e+01
-1.465667533389611776e+01
-1.363675911824589093e+01
-1.351305129356194357e+01
-1.346474086565069683e+01
-1.321177472088379545e+01
-1.313027668314359175e+01
-1.302829057672511226e+01
-1.283472308665321293e+01
-1.281629741227814634e+01
-1.260655522302084819e+01
-1.254608321135719962e+01
-1.242511177497877384e+01
-1.228124921255889035e+01
-1.199777934455030959e+01
-1.197937460528581255e+01
-1.191462857839815115e+01
-1.185694164979716447e+01
