-1.058943426111954977e+01
-9.734608230241406090e+00
-9.734608230241406090e+00
-8.979799822435438728e+00
-8.918776556030366010e+00
-8.702317333017049350e+00
-8.557071719780765306e+00
-8.450977362524440650e+00
-8.439218649026997809e+00
-8.360943517852092555e+00
-8.140440638895370284e+00
-8.114020879923373286e+00
-8.090001606339683349e+00
-8.021600428399892735e+00
-7.952118350821706372e+00
-7.881303290101982384e+00
-7.743312717783510379e+00
-7.698839551828882577e+00
-7.669005052309557868e+00
-7.654767927202897226e+00
