-2.915841979292679298e+00
-2.633403056531250286e+00
-2.136902267856896742e+00
-1.475778265745418594e+00
-1.465251730093058313e+00
-6.582736962880630927e-01
-6.296067653142642939e-01
-2.780940624107017811e-01
-1.761362693812316138e-01
-1.691192208804750408e-01
1.572573624626443234e-01
2.652235900676487290e-01
3.824545313189844364e-01
6.364982504696286014e-01
6.929378463689204182e-01
6.992550612762613582e-01
8.615068048000580347e-01
8.633193090236659373e-01
8.794332304496208508e-01
1.007283928125843886e+00
