-4.156708755236650177e+00
-4.082168849002300703e+00
-3.821151664444187190e+00
-3.432572170909224951e+00
-3.218320236122963252e+00
-2.865851522509728966e+00
-2.818452861435616796e+00
-2.613217917638394283e+00
-2.331873328988876892e+00
-2.328713139436331403e+00
-2.249552767503701034e+00
-2.201523489140527090e+00
-2.151800821904544136e+00
-2.006608797459193738e+00
-1.737421661909138493e+00
-1.736720446326216916e+00
-1.719627159721312637e+00
-1.716571624772768700e+00
-1.681803974102876964e+00
-1.626243256589077646e+00
