-2.826690980492685412e+00
-2.482804154946961717e+00
-1.947154413247972116e+00
-1.385955346325658866e+00
-1.217678270293163223e+00
-6.573662183898250078e-01
-5.617403841712302892e-01
-2.859836693747865866e-01
-1.142733898179812968e-01
-1.090944381164717925e-01
1.010507834541840566e-01
1.899304578341798333e-01
4.269404409797061817e-01
6.113729596165740077e-01
6.294430665325307928e-01
8.573647513429705214e-01
9.013732991456890886e-01
9.436511952579849094e-01
9.660579155626010106e-01
9.738728105260179291e-01
