-2.742149741166088006e+00
-2.388266942264635873e+00
-1.882405035065914944e+00
-1.279608553668651894e+00
-1.166614661906066885e+00
-5.406122788436960036e-01
-4.775718569953824044e-01
-2.257920250495999426e-01
-1.124126123090718465e-02
-5.869444763050069014e-03
2.156904340624237193e-01
3.025142804655729378e-01
5.620389109132588601e-01
7.270386517099609591e-01
7.318562437071136628e-01
1.010445289803271862e+00
1.075666175334731633e+00
1.085032195259259424e+00
1.095846299860625095e+00
1.104881483419887900e+00
