-3.495696932801365620e+00
-3.172600568035704782e+00
-2.715249327480705688e+00
-2.202500368548498955e+00
-2.092273057496640831e+00
-1.554687983327312395e+00
-1.494127015983394813e+00
-1.282396659866208211e+00
-1.077324768772086827e+00
-1.073819778001052327e+00
-8.799730086575436871e-01
-8.257812062001903541e-01
-6.449560404362273403e-01
-4.183576095747412182e-01
-4.170709689315117430e-01
-2.852368182502686977e-01
-2.012954555866599549e-01
-1.960649772845499683e-01
-1.546566574143071193e-01
-1.544682034582365304e-01
