-3.128074921510233253e+00
-2.775389519162672514e+00
-2.274823318297421793e+00
-1.754145861169490672e+00
-1.595730048346922558e+00
-1.083327953986554348e+00
-9.813290838792454451e-01
-7.075305041671526851e-01
-5.612100409853155725e-01
-5.576663164947603946e-01
-3.773630509767826879e-01
-2.825403393035230692e-01
-4.421434735741058830e-02
1.275477219805907225e-01
1.299198610404346255e-01
3.414269592813070631e-01
3.867290789894468617e-01
4.053159657560172491e-01
4.390727932250229060e-01
4.514808389085374074e-01
