-5.430176473537358106e+00
-5.371736643831582114e+00
-4.821719203958082289e+00
-4.679435872854242007e+00
-4.433112707078180392e+00
-4.221758352293932148e+00
-3.954339570307411122e+00
-3.952556827868534128e+00
-3.706421746304499720e+00
-3.519856431433026955e+00
-3.477374840868151296e+00
-3.446786651902016274e+00
-3.423029922966861704e+00
-3.416203408342767034e+00
-3.207670063586988363e+00
-3.076468810275287069e+00
-3.050058105657626584e+00
-3.046760891576013819e+00
-3.038304221537714511e+00
-2.990792482637743888e+00
