-2.227398179939200418e+00
-1.675171124810731271e+00
-9.831888952656981928e-01
-5.074415580521645097e-01
-8.433944604053067451e-02
1.623477228893079882e-01
4.852130916260648519e-01
8.971479845777139417e-01
9.065305649623951467e-01
9.147870410855603041e-01
9.579720653663343910e-01
1.209440743139907681e+00
1.594450953150271744e+00
1.610348275715296040e+00
1.658241247910268612e+00
1.664889304280677607e+00
1.994063468426929830e+00
2.081889687766306452e+00
2.128706691918296201e+00
2.141676944967684904e+00
