-4.171768206200795248e+00
-4.043275904579786584e+00
-3.755015933817048790e+00
-3.324005106231197715e+00
-3.182390832935197977e+00
-2.726934652731870301e+00
-2.719684652820433257e+00
-2.572960650020831963e+00
-2.265942372170684393e+00
-2.264948575651942519e+00
-2.112223297244781861e+00
-2.101490881810605060e+00
-1.974991873525141273e+00
-1.963906268116261344e+00
-1.663180847805051599e+00
-1.662700575758208288e+00
-1.599465443865483394e+00
-1.598714647338056238e+00
-1.589888642040023115e+00
-1.490620135395147372e+00
