-2.643985799186566510e+00
-2.173038257700227405e+00
-1.537710382518753249e+00
-1.063270182855148960e+00
-7.287301177452718548e-01
-4.039429496074262715e-01
-1.345978069073225925e-01
2.703235965659587237e-01
2.703741798547980579e-01
3.132912445673809998e-01
3.242061398937039485e-01
5.643862200358853443e-01
9.697485045628582156e-01
9.766415053118180367e-01
9.840536326842084236e-01
1.060163575559045057e+00
1.317590125205697404e+00
1.360230460189995938e+00
1.463610548933274913e+00
1.466043448336904476e+00
