-3.300317302155235666e+00
-2.910412568404353806e+00
-2.391537868797968258e+00
-1.913193160300579621e+00
-1.701673679268424166e+00
-1.276215823201710009e+00
-1.128901759639120428e+00
-8.273024932695989264e-01
-7.257964393338625086e-01
-7.253623251162935048e-01
-5.993998793110222323e-01
-4.654697501064219978e-01
-1.997036433076573303e-01
-6.247506924955814611e-02
-6.246168408506491687e-02
9.043938335344137158e-02
2.139726371951837791e-01
2.257402737013762817e-01
2.496983090422872920e-01
2.796630116226879181e-01
