-7.573573785980414641e+00
-6.851450867901576203e+00
-6.292378677101396534e+00
-6.189254251169870713e+00
-6.052290501588402094e+00
-6.013166758194358863e+00
-5.946982817531903720e+00
-5.704088038989056031e+00
-5.687201100286472411e+00
-5.343698475997712194e+00
-5.231440563415986844e+00
-5.147151356902782027e+00
-4.932667183013364820e+00
-4.795991459406536706e+00
-4.771231154346196490e+00
-4.765898887141247542e+00
-4.750024072679366327e+00
-4.743023145210315761e+00
-4.655601930103046016e+00
-4.612135366524398705e+00
