-1.892185176861403306e+00
-1.204597641442205713e+00
-3.833606168479946064e-01
-6.582847681329440093e-03
5.704765431573832757e-01
6.296534426380731020e-01
1.104497438425596556e+00
1.238981063725532294e+00
1.459373303052416304e+00
1.462625087590140538e+00
1.734715111802643150e+00
1.812979096616345487e+00
1.940135599623545204e+00
2.088956220556156040e+00
2.093974347477342235e+00
2.336681780103162964e+00
2.405295558318357507e+00
2.632804553503774514e+00
2.634994845983555933e+00
2.641686846473021433e+00
