-3.566704426244541537e+00
-3.219101120725099463e+00
-2.738008309250290040e+00
-2.252045853234449169e+00
-2.100268394282466033e+00
-1.621064129951264476e+00
-1.526555577715043910e+00
-1.285070587182417512e+00
-1.119738892211898929e+00
-1.118557446618069662e+00
-9.595345136985997669e-01
-8.735113562142942101e-01
-6.654166976513806731e-01
-4.701472030828881543e-01
-4.697962670506967697e-01
-2.841630274779163301e-01
-2.802354025043314323e-01
-2.423137870755454060e-01
-1.986287157596962061e-01
-1.838394286351103801e-01
