-1.297202291232488847e+01
-1.134370178982132416e+01
-1.021433024529628142e+01
-1.013083432568299713e+01
-9.670709340360758688e+00
-9.396652515603705069e+00
-8.737407460949441429e+00
-8.654826527722548235e+00
-8.470657625108003685e+00
-8.456677242278317408e+00
-8.305021847701851812e+00
-8.228611243839310418e+00
-8.075535767611455640e+00
-8.004285696701174402e+00
-7.918459048824956881e+00
-7.890706336662987042e+00
-7.849189974672697190e+00
-7.816867107097664302e+00
-7.804426884253672370e+00
-7.765060910640670500e+00
