-5.418477321490172471e+00
-5.405773985303312656e+00
-4.852632819222890248e+00
-4.715970329095398483e+00
-4.538933261488637072e+00
-4.345766549125983147e+00
-4.152108323977699911e+00
-4.029635598423737974e+00
-3.946538413949383539e+00
-3.743526421829301398e+00
-3.682403100074225222e+00
-3.599493753040405863e+00
-3.537557926853878598e+00
-3.508478709337396140e+00
-3.504572650746922591e+00
-3.356275137475677184e+00
-3.311870542759606906e+00
-3.267921964442393801e+00
-3.187592881441560166e+00
-3.179748219704379153e+00
