-3.364066046447987901e+00
-3.028668819251834066e+00
-2.557318447519719484e+00
-2.045072444772813469e+00
-1.911943261569831520e+00
-1.391489290099343634e+00
-1.312904776821596897e+00
-1.080870480209341622e+00
-8.976404328768694540e-01
-8.971150710549409268e-01
-7.085043447059433674e-01
-6.383823273936286569e-01
-4.358298336410371121e-01
-2.275384457971085794e-01
-2.275196053942636354e-01
-5.205182467943814117e-02
-1.732684137277828995e-02
4.382327117127715610e-03
5.391155502184119541e-02
5.531805102145881392e-02
