-2.823312629771862703e+00
-2.363852319084799092e+00
-1.771707050649183657e+00
-1.298227213211703202e+00
-9.832302036197688722e-01
-6.435518118987602065e-01
-4.040367176617110090e-01
2.864262168259301689e-03
3.286839629708993016e-03
4.979083903435821412e-03
6.405099871608399553e-02
2.841122370368793781e-01
6.533259445773182961e-01
6.884040697486852878e-01
6.923610388926135784e-01
7.856758480215830787e-01
1.013493409066086315e+00
1.058322972785390448e+00
1.132774616977712867e+00
1.138350629817978188e+00
