-2.822481997362729089e+00
-2.478789970164939405e+00
-1.943487291798078331e+00
-1.382604982591374210e+00
-1.214586565751346825e+00
-6.544830160778474237e-01
-5.590127536773934480e-01
-2.836067666828512301e-01
-1.118035787914095636e-01
-1.065999802244732564e-01
1.034197088157498001e-01
1.921510831136856723e-01
4.289289206345756611e-01
6.133403051659342964e-01
6.314028739245713950e-01
8.592592829122622788e-01
9.029343873406787679e-01
9.452743267476080291e-01
9.677665418087144644e-01
9.754717597173794275e-01
