-4.237362016156112077e+00
-4.171883923883797252e+00
-3.912455303439855925e+00
-3.532722541537623329e+00
-3.307002033028766164e+00
-2.969570117184048286e+00
-2.918975731384307437e+00
-2.703686037922125251e+00
-2.425626236891730514e+00
-2.422342323656266672e+00
-2.355777526659039722e+00
-2.304032293320233293e+00
-2.265824267399693781e+00
-2.098811640494204767e+00
-1.834027270897422568e+00
-1.833370949480013223e+00
-1.824541558653436368e+00
-1.821569092002391699e+00
-1.781868311832113250e+00
-1.735212696416056133e+00
