-1.152594635320724592e+00
-7.230832322052265226e-01
-2.383173933716307147e-01
6.056936405263968481e-02
3.181459611600985227e-01
4.995705042382496686e-01
7.038324456774489590e-01
9.665312037935791523e-01
9.904766658436301441e-01
1.015481062703543103e+00
1.020315070314381956e+00
1.169049030520341148e+00
1.403834889173253941e+00
1.483457255051121138e+00
1.494834454601686957e+00
1.505183453933796045e+00
1.672168602023134554e+00
1.702539334917901215e+00
1.743062317970839104e+00
1.785756366423015606e+00
