-1.102527621076205833e+00
-4.730678699534109910e-01
2.318029065322662063e-01
5.275372210739988077e-01
9.874038609582385106e-01
1.054526865182197071e+00
1.437498806897565373e+00
1.525226814458619629e+00
1.735414133323956776e+00
1.736285262783894723e+00
1.931488234458811348e+00
2.005202616378028324e+00
2.102099878353783424e+00
2.252020481113049755e+00
2.252347145965813979e+00
2.447524739413893258e+00
2.488274203292348830e+00
2.703018178930960858e+00
2.715450092487571965e+00
2.715716140113727306e+00
