-9.992932895765989088e-01
-2.660133118351950543e-01
5.398776487663781154e-01
8.024480929016135633e-01
1.229174183825307409e+00
1.457208625730345375e+00
1.743584713032760192e+00
1.805427844264158921e+00
2.084888492458958353e+00
2.086454356276590261e+00
2.270632586273222842e+00
2.303988274701168848e+00
2.496152604504914052e+00
2.577280455175241514e+00
2.578363186862588918e+00
2.806459322583577887e+00
2.905936747096802719e+00
2.909712023899373889e+00
3.018833177670785517e+00
3.018841076385797351e+00
