-7.212488222817228234e-01
9.472174130598887132e-02
9.953452630858237171e-01
1.251841530885712928e+00
1.677123865099702016e+00
2.009567964702682730e+00
2.192219884945302510e+00
2.341922763372963345e+00
2.609195185832504649e+00
2.611769006712393093e+00
2.752952714397906675e+00
2.804343882135526655e+00
3.085284068113196554e+00
3.093190901106936508e+00
3.115562311022131325e+00
3.331251979089643100e+00
3.368403473814623794e+00
3.509973516457421283e+00
3.510851566853943950e+00
3.524305276874315496e+00
