-1.223720168477484549e+00
-5.891801016014142078e-01
1.183921678957631229e-01
4.031767557498824317e-01
8.506280782348767389e-01
9.258556872564440710e-01
1.296266681290035194e+00
1.371374066349744680e+00
1.590270969028097170e+00
1.590295524076282163e+00
1.779256330498355965e+00
1.857597799395989568e+00
1.937257171958663093e+00
2.093635441839069244e+00
2.094982608892678400e+00
2.284396158725940040e+00
2.318364815259883471e+00
2.533203764886820863e+00
2.540860168054678070e+00
2.545602083341691468e+00
