-1.150079066783746384e+00
-7.668815195841602872e-01
-3.680207839085483101e-01
-4.399386983470776613e-02
1.072720647587175336e-01
3.957733628438973028e-01
5.105585794872808947e-01
6.706890719200373496e-01
8.407414878086001409e-01
8.426606233435904869e-01
8.607791012062193658e-01
9.731804740059146752e-01
1.139682790501467480e+00
1.305214618912657443e+00
1.307120201155555606e+00
1.383101594444724469e+00
1.451047590258440323e+00
1.458723868103106724e+00
1.492581876006283892e+00
1.531440608955620064e+00
