-1.292862781018811802e+00
-7.678396285218695994e-01
-1.884117266663452028e-01
1.011764039612899069e-01
4.747522768238923163e-01
5.386809874798927922e-01
8.468956906044695643e-01
1.037324729019019287e+00
1.145344468478469935e+00
1.145554862507196958e+00
1.243181295075373782e+00
1.316062808410606522e+00
1.573529871052414819e+00
1.630214887542933866e+00
1.631614967290261120e+00
1.667950024521815067e+00
1.829913316700185533e+00
1.926522104490686615e+00
2.024746465633143089e+00
2.026027711012829968e+00
