-1.136876777741235856e+00
-4.422253760467356187e-01
3.215365683945492492e-01
5.854052122367647826e-01
1.011400596211387892e+00
1.179972451002868183e+00
1.516257967045021360e+00
1.528042748824191222e+00
1.809722061459979159e+00
1.809734231182119402e+00
1.991667451365174202e+00
2.070597046993498225e+00
2.159000620503320533e+00
2.297136063948528317e+00
2.298285048933394137e+00
2.516578891569224652e+00
2.564159558388382720e+00
2.664615067628801626e+00
2.734924595170014072e+00
2.735180088739980420e+00
