-1.273743522393488092e+00
-6.471330940403277054e-01
4.625489285172079690e-02
3.310790648447436979e-01
7.749480942657100968e-01
8.398109944209863897e-01
1.207732117472914979e+00
1.292847965849432512e+00
1.500014721079423907e+00
1.500340466049237875e+00
1.685669843487630715e+00
1.747997423366541625e+00
1.854194049488796736e+00
2.000566740678550559e+00
2.000670244649882079e+00
2.172036881478561554e+00
2.220478213776004850e+00
2.420630336882823030e+00
2.449511546948997420e+00
2.450062433385028271e+00
