-1.333584464329760522e+00
-8.030208570253307698e-01
-2.208109945149772102e-01
6.748000506922835484e-02
4.480520049492042745e-01
5.021819691100972705e-01
8.175456015505915275e-01
1.000387195907023852e+00
1.112935342694981955e+00
1.113317648876545718e+00
1.218531645081384340e+00
1.282597611847450025e+00
1.535117550398354069e+00
1.596731890827868483e+00
1.596742218043800676e+00
1.639367865614985931e+00
1.794974055494094500e+00
1.895036198822708684e+00
1.994221208949966240e+00
1.994637867455821834e+00
