-1.171738284559978638e+00
-6.976337640269321128e-01
-1.701784150920957472e-01
1.313057624433895398e-01
4.412429321203035215e-01
5.693739466023544082e-01
8.237809291895246133e-01
1.064098351068878401e+00
1.125281836056956308e+00
1.125945116287539349e+00
1.157533090474998971e+00
1.295205643865074308e+00
1.592917081704172233e+00
1.598744267770825900e+00
1.611865199131898407e+00
1.618122711925479962e+00
1.811036340394593935e+00
1.856814776811688716e+00
1.959821509522726046e+00
1.963024867938202078e+00
