-8.497120056822495826e-01
-1.379425933386073666e-01
6.637024103684439069e-01
9.534267453296934036e-01
1.416781186500543299e+00
1.590363260226013153e+00
1.962098557665740373e+00
1.965152703627893516e+00
2.258705654829270770e+00
2.260696540598928550e+00
2.466975481660028890e+00
2.553204479939722660e+00
2.623756304518508387e+00
2.766117130437578453e+00
2.773189082584906373e+00
3.033438541164059643e+00
3.075518095179859301e+00
3.204308356466469832e+00
3.222686710003131338e+00
3.222831511205527022e+00
