-1.295118769496184541e+00
-6.416524265150655992e-01
7.420778271261951886e-02
3.417484665915253572e-01
7.666384544572792947e-01
8.749415983184007928e-01
1.224379829622193938e+00
1.266738628455641447e+00
1.507581377947644796e+00
1.508074782941548619e+00
1.683666079778049607e+00
1.782669684194843285e+00
1.814045824085042113e+00
1.989946427205723012e+00
1.990630164473259356e+00
2.185797675330832135e+00
2.200232875205983873e+00
2.394701311055541737e+00
2.420697565412410768e+00
2.423378259380115196e+00
