-1.165075647278627002e+00
-5.173086859631439438e-01
2.037184623304710840e-01
4.901062663925586094e-01
9.377085791079480259e-01
1.031655755204155867e+00
1.404231065313069848e+00
1.464798339682147343e+00
1.697551136760466761e+00
1.699254303178349801e+00
1.890343907909937116e+00
1.992010216508333542e+00
2.038338424687026418e+00
2.204478823332465254e+00
2.206505739659405663e+00
2.420320683168029063e+00
2.435402093477023300e+00
2.644833025814023131e+00
2.660971193720342853e+00
2.661824494626671367e+00
