-9.707493262642401533e-01
-3.337712947229647398e-01
3.972591722078959720e-01
7.004646381927841503e-01
1.173216170683872406e+00
1.254646191545248257e+00
1.644039635416788769e+00
1.725593274232323893e+00
1.947125266303828539e+00
1.949285427957534012e+00
2.155076141319568706e+00
2.247239260818332696e+00
2.319302920560858183e+00
2.470904978693283738e+00
2.480966864731271926e+00
2.692000932660789658e+00
2.721290384587177869e+00
2.942062915387509747e+00
2.942166354715027410e+00
2.942244587161098934e+00
