-1.404549164759373525e+00
-8.664263649843633175e-01
-2.738795500590640586e-01
1.334055495681241155e-02
3.984000352866132744e-01
4.485425618004228454e-01
7.669569298086571507e-01
9.464353089388168883e-01
1.063659970561275259e+00
1.064115037239389494e+00
1.171248958660726203e+00
1.232411518351000268e+00
1.483909839342231862e+00
1.546665044625115115e+00
1.547562311116053024e+00
1.589833167323376983e+00
1.743888299930404173e+00
1.844584112503071083e+00
1.945120068001415348e+00
1.945817480191180948e+00
