-8.883966095175992450e-01
-2.397259346701048344e-01
4.975191148467956737e-01
8.034196357850191816e-01
1.281124937143943043e+00
1.360024213328529186e+00
1.755272574481807624e+00
1.833343674149659819e+00
2.060392427340673294e+00
2.061636415306793424e+00
2.270465564744029052e+00
2.344869758006439042e+00
2.434648972170577963e+00
2.580164657789964622e+00
2.584595727439250368e+00
2.813452204680459090e+00
2.850945992292849951e+00
3.050019654739571706e+00
3.050765663924323690e+00
3.088659324963600739e+00
