-1.072781894485160592e+00
-3.588590035515153431e-01
4.238655164181182045e-01
6.881656630148427212e-01
1.112098153759689012e+00
1.309272485040310130e+00
1.621814964752047672e+00
1.657060280099358351e+00
1.937095451593449980e+00
1.938586786970518006e+00
2.122068694701738423e+00
2.182255394329331466e+00
2.321616673751123017e+00
2.426429679936518369e+00
2.428338073349550541e+00
2.651349659072366194e+00
2.726261407613492338e+00
2.778598202332432265e+00
2.867424274520999461e+00
2.868257998970875633e+00
