-1.350036783471296076e+00
-8.418360801842936780e-01
-2.934479239283973584e-01
-4.295748563890811056e-03
3.233513946543098427e-01
4.251667381740844576e-01
6.920182484609540552e-01
9.132472539877198869e-01
9.924220660614082590e-01
9.938693238000269048e-01
1.027076388598288759e+00
1.147469311510576517e+00
1.434415135337985703e+00
1.439618960286679794e+00
1.463022644680677331e+00
1.464148623810615391e+00
1.643922163464594632e+00
1.697418382049363572e+00
1.799791094772444922e+00
1.800113729088479886e+00
