-1.263332574797459529e+00
-6.530800596719927853e-01
2.393728336028289050e-02
3.132007587573752971e-01
7.606080901769018965e-01
8.011965086043346673e-01
1.173338265871279873e+00
1.280450374324573204e+00
1.467693646023690235e+00
1.468051222176654846e+00
1.653722553466650425e+00
1.692793411461025244e+00
1.842877627810594277e+00
1.969959247760925791e+00
1.970116394333672361e+00
2.119854521586603369e+00
2.189698748590672039e+00
2.371477547267204500e+00
2.420728104005320347e+00
2.421303840901600779e+00
