-1.350630139364511706e+00
-7.542787601996678859e-01
-9.243768532542162575e-02
1.947082386068359483e-01
6.383743680817133281e-01
6.587101808690931648e-01
1.028559904400026426e+00
1.151452964695636183e+00
1.323301506145071471e+00
1.323761365867540007e+00
1.504132268921239302e+00
1.519967886149970582e+00
1.708096770391421160e+00
1.818796791518252576e+00
1.819705752506706631e+00
1.941848610287706833e+00
2.031981974461814389e+00
2.192488941022020299e+00
2.264386615610419540e+00
2.264817846149526304e+00
