-1.332880359472255805e+00
-8.000433603028795915e-01
-2.159576061712868977e-01
7.310535070973855909e-02
4.545528868475230411e-01
5.090177901747665601e-01
8.251119307424232829e-01
1.008752152474698960e+00
1.121673074703721795e+00
1.122059129271292477e+00
1.226569761742211995e+00
1.291505715300445445e+00
1.545269718893905520e+00
1.606951968477005721e+00
1.606956916848503170e+00
1.648636578815057874e+00
1.805458753975472064e+00
1.905104443660093239e+00
2.004901621001408785e+00
2.005318755287589738e+00
