-1.215569305732969951e+00
-6.009685026701845345e-01
8.665311586719326442e-02
3.768679596796573605e-01
8.285730246016100864e-01
8.744046731007983908e-01
1.249701854900195030e+00
1.351626215861870151e+00
1.546104264572022657e+00
1.546152982034982415e+00
1.735715144712230540e+00
1.785376336940316833e+00
1.918769564040303521e+00
2.051551924315390352e+00
2.053046241648189607e+00
2.216039786830151570e+00
2.276181463677858119e+00
2.468798108746341313e+00
2.505685669515514746e+00
2.506017353611241560e+00
