-1.096746498917127610e+00
-4.659676053352086456e-01
2.399940203113146708e-01
5.349735311378935876e-01
9.939914098090412153e-01
1.063470052159118495e+00
1.445574160095475236e+00
1.531110964222079929e+00
1.743009575448013493e+00
1.743881823551873822e+00
1.938733182031683100e+00
2.014576679748643073e+00
2.107443542685814464e+00
2.258898458489966288e+00
2.259223679824117426e+00
2.455989351743937732e+00
2.494817535548918386e+00
2.710836483191087609e+00
2.721698624821328849e+00
2.721964879331608245e+00
