-8.383876006258788038e-01
-2.081699090625477311e-01
5.210263509479204913e-01
8.380915678762335119e-01
1.340249015028376789e+00
1.364606404832130693e+00
1.802050485898064380e+00
1.906664306385636110e+00
2.104354928206618069e+00
2.104606906153890122e+00
2.361626937546105864e+00
2.429738332954372027e+00
2.559355563533898703e+00
2.657853032314335451e+00
2.660466458870445194e+00
2.856831070652873450e+00
2.904981907541525743e+00
3.106903518876293901e+00
3.111011444669884440e+00
3.112502009484444443e+00
