-1.236468304036634436e+00
-8.011326002010719094e-01
-3.546755004492752050e-01
-5.463651307013606129e-02
1.428912327382931835e-01
3.677564407055342599e-01
5.178510587020355160e-01
7.007991895461600507e-01
8.380508287655175081e-01
8.398408418586313928e-01
8.403494524038706004e-01
9.568733597011487291e-01
1.109388435023447528e+00
1.290688550277536706e+00
1.291359906388152012e+00
1.304740674572030912e+00
1.327658626670654485e+00
1.382400990083851866e+00
1.429069109120518988e+00
1.495189369131139756e+00
