-1.516847181832417846e+00
-1.409312583494511273e+00
-1.303058028594534790e+00
-1.009696173460724822e+00
-9.178955742304424348e-01
-6.693187184777116272e-01
-6.184593840861793979e-01
-4.733057706070553650e-01
-4.726566249381107809e-01
-3.893252722457987147e-01
-3.600045944872363179e-01
-3.178738624639549926e-01
-2.818557052692653997e-01
-1.822028813744509534e-01
-1.092351713624566401e-01
-6.632312578375376688e-02
4.018252460167559548e-02
6.684789302960325585e-02
1.164711815199552802e-01
1.236060500510234306e-01
