-1.248856712636552402e+00
-5.807830381509120343e-01
1.467111996753374115e-01
4.143673177841264987e-01
8.380908335002459353e-01
9.651346241116698366e-01
1.314817715454410063e+00
1.340963515343901236e+00
1.596851308780969703e+00
1.598466723156889202e+00
1.774225674691479071e+00
1.889201651718394714e+00
1.894719678168257815e+00
2.079029167111002607e+00
2.080241139716235921e+00
2.293255084310658276e+00
2.296669957810081542e+00
2.470962483541370602e+00
2.514844702694972511e+00
2.514984561188612133e+00
