-9.160153358054685668e-01
-1.633329203598350432e-01
6.747054333866344678e-01
9.376074597905699193e-01
1.364260121159531991e+00
1.616925139609747930e+00
1.877787934215803034e+00
1.968494441077609736e+00
2.245793958111789834e+00
2.246466779455431606e+00
2.436173768399612527e+00
2.448291063610440688e+00
2.701459618197532109e+00
2.738991853339030058e+00
2.743805904845203258e+00
2.977667770416928761e+00
3.054499663997148673e+00
3.107261001770666553e+00
3.189120631936475547e+00
3.190850443570980133e+00
