-1.212410589462933785e+00
-7.146217138931660884e-01
-1.713847855812673515e-01
1.227764970299176639e-01
4.638343228571102372e-01
5.598329282022405096e-01
8.412187744656876021e-01
1.059586982652717779e+00
1.141164034408348016e+00
1.141511318636503347e+00
1.202800998486736717e+00
1.308027339673344613e+00
1.587840592305838072e+00
1.624741216937763966e+00
1.624977883981046034e+00
1.632688188112297212e+00
1.822860046198684358e+00
1.894617803787241428e+00
1.990746855937459259e+00
1.991887994540547879e+00
