-1.195668236847268417e+00
-5.153749401488312287e-01
2.284148699491197476e-01
4.943935122264520032e-01
9.190525665217137430e-01
1.067692097281906172e+00
1.415107120323227718e+00
1.422717306997583364e+00
1.696217124645045260e+00
1.696474717651653918e+00
1.875999629475700203e+00
1.973918062787561212e+00
2.017359951143589569e+00
2.182560617324270424e+00
2.182643193233161583e+00
2.398220763772769715e+00
2.422313879415014526e+00
2.562681759005499771e+00
2.618819863446333329e+00
2.619324003549991176e+00
