-1.405241160391597077e+00
-8.690936483799305279e-01
-2.785563785510021262e-01
8.373496864805929363e-03
3.916506766727252398e-01
4.429433242403320037e-01
7.597748083499027416e-01
9.399627333987154998e-01
1.056055045286484528e+00
1.056510439746489283e+00
1.162329896418668795e+00
1.224512500120908953e+00
1.476397165941307321e+00
1.538250147870712681e+00
1.539143819005403202e+00
1.580368144350359216e+00
1.735079012461937964e+00
1.834888561112165917e+00
1.935142717553389957e+00
1.935839117461000569e+00
