-9.053782414644047094e-01
-2.604530865789342897e-01
4.738366118014596395e-01
7.823884339005076072e-01
1.263133988099752969e+00
1.334511085253438978e+00
1.732810115120003047e+00
1.817917507301501701e+00
2.039794724113789925e+00
2.041084611712619790e+00
2.251220169453347353e+00
2.318600889634353734e+00
2.421460173820776163e+00
2.562109389303202533e+00
2.566603855164487413e+00
2.790816542403149469e+00
2.834672537501432998e+00
3.034236244255509973e+00
3.034988185238660208e+00
3.068452087469665912e+00
