-7.502456355894082662e-01
-3.185616478646124961e-02
7.864927143903628348e-01
1.076013120933453138e+00
1.551288472367161830e+00
1.696298407580457024e+00
2.099227089602948126e+00
2.105174375656645225e+00
2.392281271079241378e+00
2.396363824417051092e+00
2.632453253024777950e+00
2.725827837680299126e+00
2.806825253692920796e+00
2.911606936769715048e+00
2.915859506771766974e+00
3.151847944922906208e+00
3.215991570633093488e+00
3.317264316704893190e+00
3.348826190383533685e+00
3.349911188260705330e+00
