-1.219958723301715509e+00
-6.061202496639452875e-01
8.090803628874709830e-02
3.715767744079130352e-01
8.238010716522694565e-01
8.682664504740387201e-01
1.244095072585878370e+00
1.347280616575517342e+00
1.540799779194458097e+00
1.540849501642696850e+00
1.730626864838086476e+00
1.779070798003886011e+00
1.914757180587912444e+00
2.046697195592969365e+00
2.048188975621997088e+00
2.210296804791141767e+00
2.271524707972275792e+00
2.463458739310226520e+00
2.501219868075168051e+00
2.501550092310935725e+00
