-1.037149949068179922e+00
-4.064342622507410852e-01
3.142214339570728043e-01
6.155898027179773635e-01
1.079595410623596763e+00
1.148392585664396393e+00
1.538305404330913007e+00
1.619863450163393281e+00
1.836717732866418373e+00
1.836788380735470128e+00
2.040886252613972829e+00
2.129928550664317299e+00
2.210222254870814140e+00
2.360080821916653804e+00
2.365060583241529457e+00
2.575730163087428082e+00
2.607137988056138056e+00
2.827362912432590747e+00
2.834664762055581377e+00
2.836876554654963911e+00
