-1.162856947284581111e+00
-5.400709043578899582e-01
1.563667300720226194e-01
4.492791317838964460e-01
9.025951442717996542e-01
9.591898642993328394e-01
1.338365849373985839e+00
1.432600611340603791e+00
1.634762898203916848e+00
1.636523170970122010e+00
1.828424883653042343e+00
1.894090098032847891e+00
2.007927653197384643e+00
2.144564103669381439e+00
2.146618596058488038e+00
2.327468997080359259e+00
2.375458725250609859e+00
2.583360533350059995e+00
2.603811972684525244e+00
2.604645723197791085e+00
