-1.285303055497024616e+00
-8.009109320573770674e-01
-2.805348751489873393e-01
1.109944843847188167e-02
3.025291526428190991e-01
4.394809906034424785e-01
6.713285036430534092e-01
9.207882731734571280e-01
9.613205938585451804e-01
9.766240886337982374e-01
9.772398584673283040e-01
1.124364207035796426e+00
1.376298405774832645e+00
1.432786310396295448e+00
1.442770330074381491e+00
1.444281926710573316e+00
1.613410812293295749e+00
1.638781685677713540e+00
1.711777455895571620e+00
1.742130740797620092e+00
