-8.255003445540296525e-01
-4.370484473713531770e-02
8.223239926763881158e-01
1.084512835656823881e+00
1.512005037150174758e+00
1.809573370877728848e+00
2.031762052672888785e+00
2.150533309414186078e+00
2.426825234262651065e+00
2.427219607197002915e+00
2.601404060830759590e+00
2.622692799628339344e+00
2.916013348842852793e+00
2.919356698872775269e+00
2.922330589962598424e+00
3.151642946517426935e+00
3.197985025014077110e+00
3.310319182427519991e+00
3.350411101733584474e+00
3.351371556287972453e+00
