-9.451462084078912085e-01
-2.579150137152055322e-01
5.215706601672991383e-01
8.127038577877101488e-01
1.273965034734828805e+00
1.429410243125062152e+00
1.805160948289881162e+00
1.820188829577318756e+00
2.101648786202531483e+00
2.102552396468240659e+00
2.308259331541648862e+00
2.410295410190428811e+00
2.470408265041896811e+00
2.618191611403972274e+00
2.627122840844549501e+00
2.866582892085602907e+00
2.900044315770401226e+00
3.027390033072492770e+00
3.079691898024066177e+00
3.080185564284874999e+00
