-1.211665754637579084e+00
-7.090499543660371273e-01
-1.607587019939273887e-01
1.344531892891609459e-01
4.798492630350210675e-01
5.735352715073531726e-01
8.587057678726068843e-01
1.075924411446067097e+00
1.159933550741470754e+00
1.160277197858704312e+00
1.224614949395345320e+00
1.327743456838106795e+00
1.607212813921933048e+00
1.645970368172356757e+00
1.646216913830357953e+00
1.656290030261061474e+00
1.845303738432903629e+00
1.919046848733842126e+00
2.015922497175779426e+00
2.017047875963953629e+00
