-1.123498320776548098e+00
-7.344232921763591548e-01
-3.257338361646588965e-01
-9.577306045287059533e-03
1.576434932411530099e-01
4.244675291193402700e-01
5.536348799683423749e-01
7.319593026375628142e-01
8.760636251475943936e-01
8.779255442465228043e-01
8.859382529554977737e-01
1.011759020629369843e+00
1.193273695851416960e+00
1.335426100078393574e+00
1.337170406094060127e+00
1.402775793515274927e+00
1.496133136170385569e+00
1.523797025541625771e+00
1.526009968247990400e+00
1.574405019631058167e+00
