-1.257414218705889652e+00
-7.924718388203473296e-01
-2.976734490703165648e-01
-4.683654033669881755e-03
2.485625363406143151e-01
4.202688395926088560e-01
6.222579876771305862e-01
8.731670434444822604e-01
8.974057028303832340e-01
9.324657207098425715e-01
9.346005449774565932e-01
1.070376721383581753e+00
1.285516136162641487e+00
1.392814765458751936e+00
1.394201553858692932e+00
1.405426087797422952e+00
1.552529338357089728e+00
1.553840832189962384e+00
1.569867900442659447e+00
1.658460917993124895e+00
