-1.252825276896146534e+00
-7.360420727545715636e-01
-1.675109491156945296e-01
1.237079258125959313e-01
4.846456988957470458e-01
5.601934483811419341e-01
8.610103277769667329e-01
1.060575106779651833e+00
1.159909751323084492e+00
1.161875143601719174e+00
1.249275251333074266e+00
1.330447700795048149e+00
1.599216141873966990e+00
1.644935632646138401e+00
1.646517761944778613e+00
1.675192932336813101e+00
1.845340380666129931e+00
1.937545090688672644e+00
2.033702516888752143e+00
2.034450270439720043e+00
