-1.260395842272373557e+00
-7.492270821780948609e-01
-1.865399853895723936e-01
1.047503361623967066e-01
4.595388561588151788e-01
5.405186190646418254e-01
8.358191468187214923e-01
1.039489537500230654e+00
1.134517671454887022e+00
1.136491850882975996e+00
1.217934156713454286e+00
1.304360085285679816e+00
1.576274621440006740e+00
1.618356756410321395e+00
1.619929732404671086e+00
1.643536360103098559e+00
1.817765513018002821e+00
1.906229933954364242e+00
2.001776374737801234e+00
2.002526790075535246e+00
