-1.236569550926830630e+00
-1.010275042180424521e+00
-6.951749199825627556e-01
-4.841568370899125284e-01
-3.730762653351860081e-01
-5.368293968011528250e-02
4.900861876721762656e-02
8.183521764098600215e-02
3.473733264846430302e-01
3.937386581319657353e-01
4.068408524527740155e-01
4.085608613059434902e-01
4.689011148752655345e-01
4.938395633971879306e-01
7.494489364556358169e-01
7.628265811623435866e-01
8.082280001386266122e-01
8.649475825343699853e-01
8.767550160849850727e-01
8.963376505972746600e-01
