-1.097093407454394764e+00
-4.363751207743007399e-01
3.000614596953710134e-01
5.871249068436554808e-01
1.039722523075397476e+00
1.154085878188652714e+00
1.528920233416556584e+00
1.573547049658827746e+00
1.822922948512768926e+00
1.824139629690762376e+00
2.017490264130174182e+00
2.135897655638018477e+00
2.148132149726279749e+00
2.335351468115732132e+00
2.335984953095703531e+00
2.571494382163109549e+00
2.571899499424944224e+00
2.765700081695740664e+00
2.794753136973213259e+00
2.794885155864903936e+00
