-1.312194606318371370e+00
-7.079118195870250929e-01
-4.050811777051421814e-02
2.483662911145074759e-01
6.932109217086690478e-01
7.219763157827401301e-01
1.094380654309134115e+00
1.210739551126607694e+00
1.388990428369652363e+00
1.390599962272972334e+00
1.571990781621934730e+00
1.599516368660260923e+00
1.769610171373642515e+00
1.885948589404506492e+00
1.887265202818525722e+00
2.022396947264496703e+00
2.103658961495966651e+00
2.273747810555505566e+00
2.335100337008043425e+00
2.335286572711993358e+00
