-1.324342069881822681e+00
-7.065423899803136010e-01
-2.578013474158069585e-02
2.595242238439823268e-01
7.014198106735420879e-01
7.500892875723366160e-01
1.119088770517919329e+00
1.217437743438495090e+00
1.411921966036970844e+00
1.413568806487091933e+00
1.594663500627575559e+00
1.641320424912919407e+00
1.775345231428218540e+00
1.907432977353892056e+00
1.908708936325638206e+00
2.061577532145747682e+00
2.125413700990975485e+00
2.310341673299262766e+00
2.355156858033296885e+00
2.355317582487259642e+00
