-1.146166240997899877e+00
-7.090258972258425274e-01
-2.187825434118622070e-01
8.135814665126872569e-02
3.413201573667947741e-01
5.230086328981542465e-01
7.296016212185350014e-01
9.927748480869240666e-01
1.017682620623418188e+00
1.044885321324613869e+00
1.049844754790115076e+00
1.197921759755672610e+00
1.433300561317878419e+00
1.516313459364596383e+00
1.527757560260056380e+00
1.537045347797743489e+00
1.705050220188127241e+00
1.734092665451157700e+00
1.772600269440204102e+00
1.819725003273333641e+00
