-1.090829201687304817e+01
-6.866746995395303088e+00
-6.767269241926655354e+00
-6.530109197856219794e+00
-6.445865136066004197e+00
-6.420671998855993934e+00
-6.343097749667023777e+00
-6.334327437005654815e+00
-6.276234073697054328e+00
-6.155359823005426279e+00
-6.080542841879307048e+00
-6.043511728086187418e+00
-6.035591946481346781e+00
-5.974277401846919133e+00
-5.917259912185187432e+00
-5.913242704028974117e+00
-5.811777088051513829e+00
-5.722904081804841780e+00
-5.656753694486340578e+00
-5.638402107880565950e+00
