-1.283197711504840299e+00
-1.093396232977369209e+00
-7.872941359285050567e-01
-6.203270262606253027e-01
-4.627898712577831475e-01
-1.909006981780976275e-01
-9.111868188763594389e-02
-4.721580976229233784e-02
1.846728959254875235e-01
2.537212340272105848e-01
2.691985501712537143e-01
2.994760611165219188e-01
3.322971232042135625e-01
3.805690568425319498e-01
5.965709367767857429e-01
6.118474985567701196e-01
6.576922496610393409e-01
7.220628478492443492e-01
7.355574203396599842e-01
7.815567310211690710e-01
