-1.041106923319603084e+00
-4.107572830173467082e-01
3.097571318526206596e-01
6.115295010324643954e-01
1.076050376758985294e+00
1.143990915644735651e+00
1.534434269813800711e+00
1.616790503282118152e+00
1.833132753100699119e+00
1.833203928333887234e+00
2.037558114663852393e+00
2.125912926936280201e+00
2.207558040509638886e+00
2.356975636750803460e+00
2.361989692303950505e+00
2.572288161182541444e+00
2.604333870593563915e+00
2.824259100520976062e+00
2.832330346392382125e+00
2.834214803444865538e+00
