-1.370666592665656935e+00
-8.326885483911610208e-01
-2.443830775919195730e-01
4.385843332056538202e-02
4.270251862981240265e-01
4.787931829123408534e-01
7.976699578866828233e-01
9.786593265125702601e-01
1.094210985158497351e+00
1.095780983710938017e+00
1.202550368820084259e+00
1.263301298986334587e+00
1.515406351914862171e+00
1.576604923169725225e+00
1.577756832433806267e+00
1.621354065116975107e+00
1.775901282415361493e+00
1.877072355851851171e+00
1.977050795754621504e+00
1.977087839306477690e+00
