-1.352759137495013420e+00
-7.567534947993408423e-01
-9.518983150337589905e-02
1.921478629956254736e-01
6.360256918160303030e-01
6.557603471846960019e-01
1.025831604427366983e+00
1.149272461152577307e+00
1.320700866668630624e+00
1.321161608459078707e+00
1.501611967494682176e+00
1.516909915822907351e+00
1.706043830628914293e+00
1.816376268485328183e+00
1.817283991425938439e+00
1.939020871446700767e+00
2.029629141849000007e+00
2.189835973396839108e+00
2.262123243715905119e+00
2.262554194399854168e+00
