-8.414116992818208018e-01
-2.107092939906465290e-01
5.192664470179977343e-01
8.366188933715648091e-01
1.339333681572782098e+00
1.363523459332498078e+00
1.801633428658675484e+00
1.906286289176733817e+00
2.104193619312184182e+00
2.104518233250729509e+00
2.361809870680986023e+00
2.429728046246651729e+00
2.559451344807456508e+00
2.657966807509808405e+00
2.660593922249489651e+00
2.857291847949511521e+00
2.905349359835724954e+00
3.107574901033586912e+00
3.111338167941028132e+00
3.112817558688277586e+00
