-1.316686059865787684e+00
-8.166574875549486023e-01
-2.796807471750071272e-01
1.057056591253058286e-02
3.261965222509388695e-01
4.393629541827976936e-01
6.947199505530079477e-01
9.257769233145154431e-01
9.964230058485554764e-01
9.968974769672058756e-01
1.013282352319947677e+00
1.148610546420059109e+00
1.427200011473360064e+00
1.443558812919036427e+00
1.467202047768296325e+00
1.467265058092380059e+00
1.643331379278606619e+00
1.686047269113259972e+00
1.789495789568718465e+00
1.789965213179129933e+00
