-1.026287046735660624e+00
-3.569638373876387050e-01
4.027215228688874049e-01
6.935499039677779365e-01
1.149178867505497692e+00
1.274400174596166835e+00
1.655563907421310432e+00
1.685007813546235411e+00
1.949518280333222719e+00
1.949786873995662972e+00
2.151440781310839157e+00
2.272885217741759334e+00
2.295723938281298615e+00
2.467320690331916921e+00
2.472695955088511255e+00
2.714768148226994526e+00
2.733021449532998304e+00
2.894845318297029735e+00
2.939361885118842110e+00
2.941590926181561372e+00
