-1.377029338793363422e+00
-8.425422255386365578e-01
-2.573773091917246347e-01
3.116839776157576125e-02
4.112134995539236115e-01
4.660365299259865424e-01
7.820382088848418789e-01
9.653878341250674566e-01
1.078372807505729725e+00
1.079947230737161590e+00
1.184192159738813643e+00
1.247449666951069958e+00
1.501287208879148238e+00
1.560331975280860206e+00
1.561479131258238340e+00
1.603013787640520604e+00
1.759468055864999769e+00
1.858972126939988812e+00
1.958419568090903340e+00
1.958453352819560678e+00
