-1.377516797358111944e+00
-8.635556934023043141e-01
-3.046945428723120131e-01
-1.608861415661522187e-02
3.238324683261453174e-01
4.149286409265187103e-01
6.911110528271819931e-01
9.037166809393966105e-01
9.909737196612695698e-01
9.913665963176754303e-01
1.038820967347419355e+00
1.148664653519517742e+00
1.428404956019221572e+00
1.452572674927068874e+00
1.464504971776477760e+00
1.465585579098842572e+00
1.647368488916981732e+00
1.709168225086614257e+00
1.811746455969114322e+00
1.812488877618307015e+00
