-1.315321975054757786e+00
-7.120066203224268975e-01
-4.545574539042718243e-02
2.438514284349366790e-01
6.891450541661470197e-01
7.163169059695064789e-01
1.089202157454565167e+00
1.207011697722919052e+00
1.384080466617888305e+00
1.385692332087273826e+00
1.567230166358058341e+00
1.593295121814662707e+00
1.766133181823533960e+00
1.881389091959135840e+00
1.882706017415330280e+00
2.016646003910864238e+00
2.099217214556119870e+00
2.268370112149568740e+00
2.330855831369262887e+00
2.331041726765761268e+00
