-1.177681604662211612e+00
-7.055847851274847926e-01
-1.791529383524448349e-01
1.224244357683801354e-01
4.318900741418474354e-01
5.604398809869053366e-01
8.144635939506770228e-01
1.054824441721393669e+00
1.115317938583757496e+00
1.115982114796452151e+00
1.148658983765244557e+00
1.285722668445941963e+00
1.583874554569547399e+00
1.588833711089137068e+00
1.601563822340722254e+00
1.607879297323734136e+00
1.801224546253479275e+00
1.847549666016675474e+00
1.949944133037206484e+00
1.953141366187310268e+00
