-1.265996280904801097e+00
-6.566425441560568288e-01
1.957486615719972178e-02
3.092371316470234888e-01
7.570553957739321049e-01
7.961665327475202503e-01
1.168747844360041199e+00
1.277209991103518405e+00
1.463343757424809155e+00
1.463702095639746403e+00
1.649511431498467573e+00
1.687224136583608924e+00
1.839865871836082079e+00
1.965931135546270525e+00
1.966087845623405883e+00
2.114711924350558547e+00
2.185779754232498817e+00
2.366668514816410607e+00
2.416986273465226986e+00
2.417562636333968840e+00
