-1.302588526792533230e+00
-7.821931727385162958e-01
-2.077130541429141886e-01
8.252017351878748741e-02
4.503446289154453552e-01
5.201348033278918592e-01
8.231176303743268363e-01
1.018343079610531277e+00
1.122046035459788982e+00
1.122267928739347553e+00
1.213520889641586109e+00
1.292297455659536354e+00
1.553741222654025478e+00
1.606683175710713840e+00
1.608078127382214007e+00
1.638834717962708964e+00
1.805670494783953473e+00
1.898280485797840811e+00
1.996194194448435155e+00
1.997497131113050273e+00
