-1.232160241415954260e+00
-8.590237638134112785e-01
-4.931510499726527996e-01
-1.759469460220088877e-01
-9.672066124562661571e-02
2.379098067418681239e-01
2.774732932352890202e-01
3.030166832744498606e-01
6.377619497379782842e-01
6.389050658428914176e-01
6.852082371513006365e-01
7.040595688540634001e-01
7.344360580740385558e-01
8.041656966097434633e-01
1.030032185603090511e+00
1.065050807020156753e+00
1.074351352194412357e+00
1.138528266276466638e+00
1.150412035316776382e+00
1.157781640922735278e+00
