-9.720447372432090560e-01
-3.351187256002958748e-01
3.959340710073320224e-01
6.992773556111160360e-01
1.172210910312969645e+00
1.253449070296369428e+00
1.643006139106773844e+00
1.724765721109292826e+00
1.946193664063230244e+00
1.948347996974348462e+00
2.154245551343365150e+00
2.246245701061297950e+00
2.318622536104726350e+00
2.470144672950823406e+00
2.480210188767387081e+00
2.691181149112935600e+00
2.720629995336480533e+00
2.941436753972084261e+00
2.941537452581883372e+00
2.941670235324409077e+00
