-1.363601035729516298e+00
-7.556561546152806841e-01
-8.220979049656307325e-02
2.017083075661503244e-01
6.428825534130737651e-01
6.803301544314308558e-01
1.047230152515112422e+00
1.154652668763446854e+00
1.340383954262506450e+00
1.340867924718622817e+00
1.521048879560112255e+00
1.553334733333031181e+00
1.710485535913903732e+00
1.834679372434038669e+00
1.835502705082035391e+00
1.972973053638270358e+00
2.048083763649628963e+00
2.221324069792899536e+00
2.278952863798622275e+00
2.279361578977841418e+00
