-6.332244758091036374e+00
-3.935296007187318423e+00
-3.739386490414517539e+00
-3.637967591697758962e+00
-3.443642379129315145e+00
-3.362127275593365994e+00
-3.075184500050056613e+00
-2.959510066633129100e+00
-2.900004075911496670e+00
-2.832027208150179831e+00
-2.789051082861078612e+00
-2.714757993066726272e+00
-2.678614268222105466e+00
-2.635083947836307061e+00
-2.580593094367159779e+00
-2.530047787357105449e+00
-2.484572450546167488e+00
-2.431269282978306023e+00
-2.351313697382835244e+00
-2.343867021537462847e+00
