-1.162098181706824107e+00
-5.391884946106983989e-01
1.573427178195743181e-01
4.501748155894347292e-01
9.033978106849644973e-01
9.602212340141704772e-01
1.339302256382325140e+00
1.433323771858340479e+00
1.635645918573572999e+00
1.637405520875290676e+00
1.829266379214004701e+00
1.895133365114816115e+00
2.008587279817220406e+00
2.145364548210636713e+00
2.147418913405090279e+00
2.328410922332295740e+00
2.376220294791892229e+00
2.584229058161326975e+00
2.604540840288791514e+00
2.605374290045801899e+00
