-5.960744044253942775e-01
2.458553321478689213e-01
1.178448224253031640e+00
1.426674136295616790e+00
1.847996480737947422e+00
2.179487039450975772e+00
2.352148134366188970e+00
2.532207040031721590e+00
2.791783084602059262e+00
2.798558802383354305e+00
2.924477142282114528e+00
2.996894960365693805e+00
3.259849075238037130e+00
3.268947217585377985e+00
3.361033821653052200e+00
3.480918957460858110e+00
3.486879961273416484e+00
3.675858312048319476e+00
3.677970751873829158e+00
3.740367736411315036e+00
