-3.171371018990157609e+00
-3.097402142566352268e+00
-2.756491378830560279e+00
-2.283656383789548272e+00
-1.964448591769269115e+00
-1.560158958548981900e+00
-1.492504440980610525e+00
-1.186571067816657887e+00
-8.303771011405842728e-01
-8.290132033771442366e-01
-7.778934928837770713e-01
-7.095938367779126565e-01
-6.906075302986209863e-01
-4.148152431444032118e-01
-9.744468287999552558e-02
-9.149734799939324148e-02
-7.854661627425230108e-02
-7.506446921979659237e-02
-4.180416240978956921e-02
-3.535418588398897555e-03
