-2.470826868183849001e+00
-2.181701881797380338e+00
-1.674466818680684810e+00
-9.338642862112465082e-01
-8.933364743461424951e-01
-7.867655089557956671e-02
-3.176579471073637251e-03
4.894800874126303825e-02
5.060923823189114046e-01
5.072136500975830131e-01
8.236275614835903980e-01
8.901613606121827615e-01
9.316853184541287192e-01
1.270162133797839488e+00
1.395554150781208591e+00
1.396608808169276017e+00
1.595903570468180988e+00
1.616265419442243001e+00
1.618379041700791277e+00
1.748182741436266951e+00
