-3.208766272498905892e+00
-3.082624717293583672e+00
-2.723057423003410804e+00
-2.194633710269044968e+00
-1.943109126483250293e+00
-1.443257588824053528e+00
-1.397748544437490636e+00
-1.155832316513624392e+00
-7.774722537869820371e-01
-7.771448986804898595e-01
-6.562259115962660871e-01
-6.056722003722825320e-01
-5.241023766211583279e-01
-3.696128808496723650e-01
-7.810682138369884342e-03
-5.447155064757680520e-03
2.036392003174114507e-02
2.040467225197062362e-02
4.426161710944143124e-02
1.289701966616121354e-01
