-2.492734013232620782e+00
-2.095980188261819421e+00
-1.543801544126836234e+00
-8.943158156434947159e-01
-7.904957220634969417e-01
-9.530953290050092619e-02
-4.422280310791393276e-02
1.735509930476837326e-01
4.871702824329986470e-01
4.875239373668591725e-01
7.320641081423673313e-01
7.733697702988138190e-01
9.639809641357715009e-01
1.299962471655817353e+00
1.303631743827281753e+00
1.355961317362016416e+00
1.516966861861874349e+00
1.584819465122563997e+00
1.584963876546680694e+00
1.590612226811572327e+00
