-2.888448784829961369e+00
-2.640437552043295000e+00
-2.186583466573210899e+00
-1.530911500401998637e+00
-1.427012940082931891e+00
-7.127958787459647283e-01
-6.514207812651875429e-01
-5.899663177406182513e-01
-1.311705100888502784e-01
-1.309758189272542950e-01
1.349974665754416492e-01
1.792610938427969813e-01
2.562431376682070550e-01
4.327751388664182741e-01
6.999472812458407134e-01
7.033808987216616515e-01
8.281154239557508845e-01
8.431703178212046623e-01
8.445776801272586454e-01
9.909983606885361951e-01
