-2.305199638857743594e+00
-2.019778564664420628e+00
-1.504897916129948499e+00
-7.322079848966041027e-01
-6.777748792965212488e-01
1.701379771146775965e-01
2.445707268004753132e-01
2.971258741075644139e-01
7.507115399624808560e-01
7.607218623237486099e-01
1.113756683293445349e+00
1.189090150774632093e+00
1.221594960185029777e+00
1.622907779772617687e+00
1.686619073769975330e+00
1.704074387300011040e+00
1.916212138919490826e+00
1.931863246035163684e+00
1.932247207349746532e+00
2.071092979101194942e+00
