-3.392877138182484487e+00
-3.354449079854020965e+00
-3.003827263686616789e+00
-2.591089198514964664e+00
-2.256754111287591513e+00
-1.894274304428108735e+00
-1.864279227593215182e+00
-1.538773772977947374e+00
-1.189419006829666614e+00
-1.165383879761975550e+00
-1.152701275078470644e+00
-1.129155982009251602e+00
-1.128272850374742120e+00
-8.344270436655278900e-01
-5.168343745062884409e-01
-5.073812911296045058e-01
-5.049421321637055371e-01
-4.989999881554467720e-01
-4.837400551878090482e-01
-4.457667535434666206e-01
