-4.834491129960724720e+00
-4.825586378576701918e+00
-3.940715564870487242e+00
-3.767782913742337314e+00
-3.574736062488540256e+00
-3.298861735162546438e+00
-3.138132528408220878e+00
-2.847086747898828207e+00
-2.818220143838374270e+00
-2.723828704635081976e+00
-2.482888928668643302e+00
-2.325727805680116944e+00
-2.277753319403416299e+00
-2.134358087460213937e+00
-2.122540023566841683e+00
-2.119003511648969607e+00
-1.939482054394488841e+00
-1.933645415360160769e+00
-1.881984320131437016e+00
-1.845494157410968228e+00
