-3.555705150369703915e+00
-3.551434713155117606e+00
-3.116512791923582881e+00
-2.761323833009441842e+00
-2.403176215661005699e+00
-2.031703346943913857e+00
-1.997661325648664388e+00
-1.653275943805283532e+00
-1.317365478248234467e+00
-1.295513097696812110e+00
-1.262829691346837535e+00
-1.240629862500895797e+00
-1.238379682405479798e+00
-9.303701212704709178e-01
-6.306500173843687662e-01
-6.060417364172963062e-01
-5.977628462560460321e-01
-5.585852181416157691e-01
-5.524220277609401819e-01
-5.309593664188696494e-01
