-3.136622718789112696e+00
-3.023556393771286821e+00
-2.674392862352760858e+00
-2.154287682483300159e+00
-1.886964510135840101e+00
-1.409278872951290396e+00
-1.357710791683530260e+00
-1.098308281651952711e+00
-7.268649376601388212e-01
-7.250146772221341962e-01
-6.247416333189903526e-01
-5.666061778729272191e-01
-5.040328490567844710e-01
-3.173510391943636932e-01
4.005723254977056058e-02
4.280541133903170703e-02
5.694961407971277367e-02
5.833061671819450567e-02
8.698500786431395682e-02
1.622837942813930567e-01
