-2.775562836126482580e+00
-2.442064253249554895e+00
-1.941473726619733498e+00
-1.270553489935991820e+00
-1.253283471858594567e+00
-4.982626675919163972e-01
-4.756370931427227333e-01
-3.607571951288264245e-01
4.367000766069395468e-02
4.467910035600652918e-02
3.074763376498594880e-01
3.369984392265905626e-01
4.201159563672263175e-01
7.279137992227333598e-01
8.434440616765641607e-01
8.450577732510282658e-01
9.958617767770192586e-01
1.050890627411718015e+00
1.051657017211255152e+00
1.131282694062974770e+00
