-2.960214437047397951e+00
-2.687279116766148945e+00
-2.229824938560341252e+00
-1.566411290845280746e+00
-1.488863577535084914e+00
-7.620732291834428906e-01
-6.898429579487128649e-01
-6.616172449648729526e-01
-1.913020897882233839e-01
-1.878591546410461888e-01
7.442883372641517781e-02
1.287550250308413524e-01
1.756697696437186096e-01
3.949302636028733104e-01
6.323464255328872241e-01
6.352194628670986276e-01
7.618985424051061273e-01
7.873066173269762658e-01
7.902955414501775522e-01
9.215004444595251698e-01
