-2.365947454990873666e+00
-2.000774431394802377e+00
-1.435172380518906721e+00
-7.112216521477421338e-01
-6.390394640466183773e-01
1.628489941344923864e-01
1.812672445362295548e-01
4.008046532089792890e-01
7.487368252063788532e-01
7.494188006867261720e-01
1.054949728230440087e+00
1.074930985307673836e+00
1.265241089325627399e+00
1.633964623650172143e+00
1.634568317521370773e+00
1.689858191524763242e+00
1.889868658167870308e+00
1.937303027696543722e+00
1.937517460291019233e+00
1.982316490454195446e+00
