-2.474681852657340642e+00
-2.185219850648536521e+00
-1.677536307699938334e+00
-9.363105204947714810e-01
-8.962082546509009262e-01
-8.076299324375213473e-02
-5.577254036779777380e-03
4.735946600021634367e-02
5.042346005866420455e-01
5.053539513933174021e-01
8.220765895853219263e-01
8.882398594964797667e-01
9.305928214957930322e-01
1.269728376035345718e+00
1.394180380651505402e+00
1.395242554263404600e+00
1.595098933116787521e+00
1.615510740696208813e+00
1.617616249048296595e+00
1.747167043950412335e+00
