-3.506120157627265144e+00
-3.478862090757502301e+00
-3.104742929059284506e+00
-2.737109518486249726e+00
-2.410909707660721324e+00
-2.059552178839112457e+00
-2.027694041051290696e+00
-1.733761385092293494e+00
-1.388509156775398878e+00
-1.365144266405877715e+00
-1.363196862815129862e+00
-1.266382177686864452e+00
-1.263901877687203523e+00
-1.059760690335679101e+00
-7.532910966137933428e-01
-7.302016712119439035e-01
-7.003691842874104623e-01
-6.994429865590063855e-01
-6.961964617630655994e-01
-6.951898848365090089e-01
