-3.362420411049242830e+00
-3.289214639895362779e+00
-2.952196093323436799e+00
-2.495582386753085302e+00
-2.179460708623082610e+00
-1.798420016264572041e+00
-1.737674120009614853e+00
-1.434297165393218165e+00
-1.066279170088819228e+00
-1.053564077257760800e+00
-1.049725618504453450e+00
-1.007104021886334522e+00
-9.977568867871013936e-01
-6.964583126900834031e-01
-3.771006261522416025e-01
-3.770240243611624464e-01
-3.632620860153110698e-01
-3.426822217261360493e-01
-3.389267497477703728e-01
-3.357900220908049960e-01
