-3.292087969253771007e+00
-3.157988315149850678e+00
-2.794326888590148883e+00
-2.259767650302819675e+00
-2.017758265632437542e+00
-1.510493599445908330e+00
-1.466224952673655935e+00
-1.229534870326460805e+00
-8.474609161239641253e-01
-8.464738140064582694e-01
-7.269330709677888080e-01
-6.792264147479727399e-01
-5.986152018886059523e-01
-4.468357414189085830e-01
-7.888145649849320762e-02
-7.660078507251455449e-02
-4.955581009562592953e-02
-4.819328611483797431e-02
-3.499382537120254710e-02
5.261134845932247117e-02
