-1.935331979126317492e+00
-1.504303697578279753e+00
-8.638138182725469960e-01
-1.228249334932343118e-01
3.059432394888972340e-02
7.867532556122114329e-01
8.860418348446046366e-01
1.201839997585011588e+00
1.468570706010041249e+00
1.481814497453683543e+00
1.722983749640093265e+00
1.827656105711866985e+00
2.085113474803733880e+00
2.333750018654768610e+00
2.353827617497927349e+00
2.577271744590461822e+00
2.663040338943119423e+00
2.681197663542889131e+00
2.681511564684683435e+00
2.698181805360604812e+00
