-3.222765492967027967e+00
-3.176726787133929975e+00
-2.830115644022953347e+00
-2.375812689090935237e+00
-2.042040603042323710e+00
-1.647390307808791476e+00
-1.599299043940391130e+00
-1.262944353952661913e+00
-8.995565940736014454e-01
-8.955127990068376675e-01
-8.831855936059582746e-01
-8.269386954582387261e-01
-8.172729827476814535e-01
-5.100939029916844447e-01
-1.983763950095180917e-01
-1.933667974160471204e-01
-1.559680843806745543e-01
-1.554261214616872167e-01
-1.410767931745340320e-01
-1.145941690326708340e-01
