-2.224924223285029257e+00
-1.941151724874771389e+00
-1.406743054813887284e+00
-6.289057453657278529e-01
-5.622438935948821381e-01
2.964590196232848029e-01
3.817827995254674533e-01
4.341029389699997409e-01
9.141285588615346569e-01
9.364240697860850560e-01
1.264640169188396612e+00
1.318576334881072398e+00
1.379725752732952060e+00
1.716350860978536730e+00
1.811075407884800370e+00
1.827872942092085395e+00
2.031699373885885507e+00
2.038929139969468451e+00
2.073709690964847141e+00
2.263971752267821103e+00
