-2.420600752701830061e+00
-2.135659306018169445e+00
-1.618343397069565981e+00
-8.779495828111976152e-01
-8.196751482928448240e-01
1.324796820404117170e-02
9.315446164259810757e-02
1.346548373992391134e-01
6.005426918893590482e-01
6.058921214939800848e-01
9.415669715617696056e-01
1.003753517785526128e+00
1.055457821068557678e+00
1.401861155266942660e+00
1.512323525246074496e+00
1.522633382272033487e+00
1.709915727406269070e+00
1.743823873332985386e+00
1.745846767245438969e+00
1.884700973239432642e+00
