-1.744864115978471375e+01
-1.345074662604213245e+01
-1.246079157660837211e+01
-1.185723025072454107e+01
-1.080458926642759820e+01
-1.045142681301308585e+01
-1.019388422588654919e+01
-1.011700769108084330e+01
-9.688221056378438334e+00
-9.644911802888657348e+00
-9.587414819920056175e+00
-9.367906222748729306e+00
-9.276632482596042450e+00
-9.171177790833255017e+00
-8.996433433331588958e+00
-8.842629184007265053e+00
-8.736725047362426722e+00
-8.714726150194977095e+00
-8.534099749912769539e+00
-8.343193222596639202e+00
