-2.382764449016349317e+00
-2.092051271102036480e+00
-1.572245165128379085e+00
-8.301584893815743271e-01
-7.812625933070194151e-01
5.461636480617926281e-02
1.268499273398902005e-01
1.822301229731237981e-01
6.385037142954388401e-01
6.438218250352747418e-01
9.785099755886221828e-01
1.033998863421402348e+00
1.097789152637687948e+00
1.448415502620036932e+00
1.546537652888900993e+00
1.556726315653577331e+00
1.746065501340581250e+00
1.782344660010949156e+00
1.784488124082599825e+00
1.918115551158280141e+00
