-2.244139732437133716e+00
-1.860822823150783734e+00
-1.272747390373069720e+00
-5.487416026508071809e-01
-4.623670193859652500e-01
3.411416144244867610e-01
3.819468773231164960e-01
6.193017780285572371e-01
9.462001629997303098e-01
9.556070581477342785e-01
1.245906596124768839e+00
1.295132829754493287e+00
1.512931701283605435e+00
1.844361188130733353e+00
1.857176968829207908e+00
1.958694721800611660e+00
2.112849626211755094e+00
2.177939491555662244e+00
2.179762168444085546e+00
2.189666076164485276e+00
