-3.119303597371072101e+00
-3.026855607260586112e+00
-2.672538768835693190e+00
-2.171868275894667022e+00
-1.886435837419412564e+00
-1.435527119750986458e+00
-1.373030778792781348e+00
-1.106160946976160631e+00
-7.422173520772048505e-01
-7.410649725807161303e-01
-6.492718656281795120e-01
-5.893193561169027817e-01
-5.396390244377471390e-01
-3.224628184852917911e-01
2.160616014134575380e-02
2.475942148794274544e-02
2.951807831777841784e-02
3.005905041027290281e-02
6.995307995748589747e-02
1.373266297923692036e-01
