-9.789430436028212057e+00
-9.206330252298187133e+00
-6.964890658053249695e+00
-6.942088274544374826e+00
-6.889981800165145387e+00
-6.869607676171696653e+00
-6.736990918926252903e+00
-6.443924123938657544e+00
-6.418102848361286306e+00
-5.784062632643141910e+00
-5.632264706400675891e+00
-5.420610723481857463e+00
-5.397577291280171607e+00
-5.301342365512567767e+00
-5.290338297777282150e+00
-5.077174563441928967e+00
-5.076597119577527906e+00
-4.977833614414564067e+00
-4.956945340752710649e+00
-4.887431922812140783e+00
