-1.661016913923958782e+00
-1.090012331007756075e+00
-3.502754389787696709e-01
2.565408057766944694e-01
6.114283731262730726e-01
1.072367902359701475e+00
1.351498711081831061e+00
1.812257296151074115e+00
1.845180604774895983e+00
1.853489434034599981e+00
1.960081615335866445e+00
2.201188332609035569e+00
2.606497734361028051e+00
2.699916307828289064e+00
2.707135823223779880e+00
2.857280762950495046e+00
3.082374132373843167e+00
3.115955904154589007e+00
3.191451780504394264e+00
3.200657090809954752e+00
