-1.289602802151591732e+00
-6.147547593290028090e-01
2.170959634655673653e-01
7.932552164289177199e-01
1.285641739629852509e+00
1.619234272463302204e+00
1.959981488850075948e+00
2.427431221926724447e+00
2.432032937232236236e+00
2.463372092155168502e+00
2.509568024024872557e+00
2.779415896353498283e+00
3.199248022781546297e+00
3.224638748389907050e+00
3.283663898399879599e+00
3.338627474577720022e+00
3.601689665480137137e+00
3.735638384821982072e+00
3.807305397312859441e+00
3.832229658478581769e+00
