-3.033999468752881512e+00
-2.802354945866682101e+00
-2.365469974880397785e+00
-1.732795436560991220e+00
-1.607039177455590107e+00
-9.216189552316791378e-01
-8.860479863869841211e-01
-7.805311864503892139e-01
-3.380353958127670921e-01
-3.371218959000543691e-01
-9.177367099619004875e-02
-6.839937061158707365e-02
4.799824443762190640e-02
1.535229622895712964e-01
4.781356097810203210e-01
4.806075469969073310e-01
5.819582963813445531e-01
5.969570762244984508e-01
5.971867561820545234e-01
7.466529777229879983e-01
