-3.036389665423484985e+00
-2.781644318849430420e+00
-2.330166331041255035e+00
-1.682396387019252870e+00
-1.588689365431491751e+00
-8.794000563502777368e-01
-8.212790019606472924e-01
-7.645383257622597739e-01
-3.039655574102653190e-01
-3.029529258419643156e-01
-5.011486088187666610e-02
-6.659914601186756045e-03
6.443095709255430847e-02
2.364105774686322547e-01
5.129935902295983396e-01
5.150789940526010469e-01
6.296653129393234849e-01
6.535185556494980119e-01
6.537609553924994543e-01
7.890502785958233289e-01
