-3.362945179287635256e+00
-3.310175134054588852e+00
-2.967336965366484947e+00
-2.529957841934447060e+00
-2.203869577846489847e+00
-1.833412191184834228e+00
-1.781283748599889805e+00
-1.468564565899214358e+00
-1.112961200718928012e+00
-1.078248075895317015e+00
-1.076845921261337935e+00
-1.068490262645354960e+00
-1.051079398414003663e+00
-7.423819753184943693e-01
-4.247584455533797154e-01
-4.245855249300802825e-01
-4.174094301779405214e-01
-4.010947837505227653e-01
-3.744232033059233800e-01
-3.729172018483950524e-01
