-2.814200872418950894e+00
-2.552039642661839025e+00
-2.091872153587246430e+00
-1.418369942859499133e+00
-1.329339552175952122e+00
-5.943502721329423366e-01
-5.211819684554939158e-01
-4.838882930544059491e-01
-1.477762760623591021e-02
-1.414981850030017085e-02
2.590166299451084342e-01
3.207589513422135497e-01
3.654621566620335216e-01
5.879282321438950021e-01
8.228994698019960197e-01
8.270974556871806271e-01
9.655980587958765682e-01
9.817749546091363300e-01
9.830658622213377384e-01
1.125009221666914527e+00
