-1.301885848985659777e+01
-1.111924108431071545e+01
-1.004199641669066523e+01
-9.186704791143711191e+00
-9.121240135719119735e+00
-8.909876864331351953e+00
-8.870796441798574961e+00
-8.837510662054114619e+00
-8.722098551628505447e+00
-8.389725836125705882e+00
-8.359035138722958891e+00
-8.142790283725616973e+00
-8.142790283725616973e+00
-8.026558981648179270e+00
-7.994678831897374494e+00
-7.905333980328919097e+00
-7.871076099545632587e+00
-7.859749150020036268e+00
-7.742179660743261138e+00
-7.704327917492491906e+00
