-2.835690913787402678e+00
-2.577432388841771171e+00
-2.119237301876637503e+00
-1.447299924442631891e+00
-1.352422719033711473e+00
-6.202231449842656730e-01
-5.508719166900846176e-01
-5.049286215253232513e-01
-3.857103720110899303e-02
-3.793913784829783253e-02
2.349654867739445763e-01
2.934089234495331766e-01
3.457282436411333038e-01
5.576127521217131289e-01
8.005084857413748978e-01
8.047147305878752377e-01
9.418840080925292568e-01
9.561773202167387353e-01
9.575828475408343365e-01
1.102298320174668333e+00
