-3.334981550397060346e+00
-3.196630564751103520e+00
-2.836960901644488331e+00
-2.300736766927002463e+00
-2.059520785136555787e+00
-1.551935845483967569e+00
-1.509217694336257409e+00
-1.272016298746166285e+00
-8.886194608858204447e-01
-8.882252230250742286e-01
-7.707558623806107789e-01
-7.224653338853386231e-01
-6.413093667870271020e-01
-4.892419680472812615e-01
-1.214609385060612112e-01
-1.191193723279866390e-01
-9.309019642387283966e-02
-9.115271180780837312e-02
-7.806422210705932230e-02
7.362035124970134348e-03
