-1.833387266416593775e+00
-1.294623270079000577e+00
-5.892200255761963490e-01
1.131333476405416150e-02
3.222423795432405313e-01
8.268619268660586386e-01
1.063030128163291010e+00
1.485291829472089375e+00
1.577169453580381742e+00
1.588481961557590694e+00
1.687445428625323984e+00
1.910387284458693102e+00
2.290943942528201660e+00
2.418567843656546756e+00
2.430509878547127300e+00
2.595221636288670197e+00
2.796631350942561767e+00
2.804373336947719508e+00
2.884147891401653396e+00
2.892681856038507249e+00
