-3.289705267539829947e+00
-3.155362707009771839e+00
-2.791752779499802273e+00
-2.257216209291073028e+00
-2.016332048548065359e+00
-1.508265101809229236e+00
-1.464615813860291382e+00
-1.228994365865219152e+00
-8.478129606846778188e-01
-8.468237644592591096e-01
-7.255351808489649557e-01
-6.784670238521357533e-01
-5.965595703491999302e-01
-4.472831159328052308e-01
-8.008965782209997997e-02
-7.782227859934209846e-02
-5.000366953754564747e-02
-4.866283407318405807e-02
-3.506954103431780823e-02
5.315889190023881383e-02
