-3.229353768622786447e+00
-3.185391241366460235e+00
-2.837439372329754406e+00
-2.386558956466842574e+00
-2.050916648194970549e+00
-1.658052697901439387e+00
-1.611737466452041190e+00
-1.272809764686371636e+00
-9.062699327184873255e-01
-9.022064364692141680e-01
-8.956331168792530661e-01
-8.423797201239722199e-01
-8.307799516703653353e-01
-5.208832603236714931e-01
-2.094528389109200361e-01
-2.044591168187253061e-01
-1.638251636697987124e-01
-1.634805021690226567e-01
-1.538181218038516818e-01
-1.285778092333202949e-01
