-9.120805062486951442e+00
-8.714693434094357372e+00
-6.580466633829459511e+00
-6.529818945384207041e+00
-6.519019399663818604e+00
-6.431314674175041546e+00
-6.381467142379605662e+00
-6.063987846290018524e+00
-5.991819473945341201e+00
-5.408135420277645267e+00
-5.242954530078193898e+00
-5.023644416741831265e+00
-5.008793917405739649e+00
-5.006365031282840050e+00
-4.897314257941076221e+00
-4.763001727564159182e+00
-4.707558475670211351e+00
-4.601034015607069705e+00
-4.578681658276138933e+00
-4.530514788003358717e+00
