-3.209676152251631720e+00
-3.084165091928298352e+00
-2.724472018961023423e+00
-2.196067804543417878e+00
-1.942771122661724803e+00
-1.444225641505909152e+00
-1.397838539356598631e+00
-1.154329850160138449e+00
-7.752254754941532155e-01
-7.748926535386999603e-01
-6.561532279956736602e-01
-6.047028483426402090e-01
-5.249329794587538345e-01
-3.668830739461554913e-01
-4.505244138272246346e-03
-2.119195778504945338e-03
2.248338281788164750e-02
2.253026849211892113e-02
4.626513323455583304e-02
1.300558315833768575e-01
