-2.687592947731900495e+00
-2.331422778308478883e+00
-1.819915751624648692e+00
-1.153125492288381793e+00
-1.111287110623379704e+00
-3.596109874488320202e-01
-3.581268853158690035e-01
-1.996334530522290152e-01
1.768251358189445455e-01
1.800896650311187841e-01
4.504426769344718195e-01
4.609281554694462102e-01
5.812127854878781363e-01
9.179891638705157675e-01
9.809977286167850252e-01
9.833709690174146090e-01
1.150438017957640113e+00
1.209402806285652332e+00
1.211898783032665960e+00
1.280355442180734826e+00
