-2.128340790855872910e+00
-1.655302924178613466e+00
-1.026366812046035193e+00
-3.970519939839505241e-01
-1.790544946716181585e-01
4.045700070246311952e-01
5.518513641509343870e-01
8.887023267488984857e-01
1.072940755798299506e+00
1.075873169533224427e+00
1.257860906837777293e+00
1.390387715811812086e+00
1.683985547114389192e+00
1.910705067572052940e+00
1.915221455045866605e+00
2.141728082977351733e+00
2.201744342157326173e+00
2.209108181607007282e+00
2.263101754226227058e+00
2.299566530957235955e+00
