-2.360324205116938856e+00
-2.161851299609764965e+00
-1.651924779889156980e+00
-9.058021808177443290e-01
-6.538031756268480876e-01
1.911774882157146749e-01
2.922630571043214331e-01
3.765055659962115442e-01
7.647191668907851181e-01
8.341355457773431681e-01
1.190580348394462362e+00
1.215691798597248408e+00
1.369068272250444807e+00
1.432976815556656902e+00
1.752758212170022034e+00
1.755466251669361100e+00
1.833293711030790973e+00
1.836802996668495780e+00
1.921832519311323040e+00
2.134974251963939196e+00
