-3.878596229679033058e+00
-3.835863483227967663e+00
-3.290723163825703068e+00
-3.046382213865967969e+00
-2.751137311609682001e+00
-2.427558131959187904e+00
-2.204782851079983175e+00
-2.112071028289676633e+00
-1.766427412840869238e+00
-1.667947022578687211e+00
-1.555839300043999174e+00
-1.516531842540643993e+00
-1.515756035214224084e+00
-1.389340395117244498e+00
-1.050077843833093993e+00
-1.043667405554174366e+00
-9.862277415068092523e-01
-9.833600203443779719e-01
-9.780580334540900367e-01
-9.198084691399799340e-01
