-1.663786082413488998e+01
-1.289790813760269828e+01
-1.185480479891914740e+01
-1.127222027185790409e+01
-1.025002270154271855e+01
-9.800059772725518314e+00
-9.603400329698359883e+00
-9.513066885278519180e+00
-9.272931319986369658e+00
-9.231302416547933376e+00
-8.971894713122338771e+00
-8.768666320766570266e+00
-8.761431428309208513e+00
-8.669934946480779558e+00
-8.397808151513430630e+00
-8.281330830437255486e+00
-8.254597648008299871e+00
-8.205436270270809018e+00
-7.930490043641313491e+00
-7.891278914741178596e+00
