-2.642756909091986017e+00
-2.367325680881549488e+00
-1.878531780508637894e+00
-1.179485259940520336e+00
-1.112262186187763291e+00
-3.406638944115911727e-01
-2.523699839284745394e-01
-2.412404326623800443e-01
2.329467567624305957e-01
2.338616073338926071e-01
5.320205086700298125e-01
6.144361287952051498e-01
6.210738790377945406e-01
9.238627569930031314e-01
1.097034559180428914e+00
1.097149666104087373e+00
1.260567303103925951e+00
1.282818800537825155e+00
1.284633674995347974e+00
1.420226448654830165e+00
