-2.591470229544029280e+00
-2.263650619440340961e+00
-1.738258168520587787e+00
-1.009620949332202144e+00
-1.002293639178787998e+00
-1.854263228378840722e-01
-1.585561111869537854e-01
-2.605589459744805936e-02
3.745636204457696294e-01
3.755195433950575534e-01
6.828873227295844117e-01
7.130943411893895245e-01
8.181055044651657226e-01
1.182596488420131209e+00
1.236988215765450150e+00
1.237594599149815622e+00
1.434234358956928190e+00
1.478523325390597165e+00
1.478608171749328903e+00
1.571229091176974180e+00
