-2.266430452659619732e+00
-1.976451010119376406e+00
-1.459911495006622317e+00
-6.870611469065579513e-01
-6.404686232665426360e-01
2.085814815594631000e-01
2.767465239638795538e-01
3.404033795295617892e-01
7.857923748988469015e-01
7.955861353997306651e-01
1.147086941812403893e+00
1.216777391115101636e+00
1.259095020145764465e+00
1.663042772164544658e+00
1.717118356967148429e+00
1.734411035649031874e+00
1.949186560449220451e+00
1.963446803950773756e+00
1.965194344177120911e+00
2.100073462661612211e+00
