-2.875122166336950613e+00
-2.595091412251349539e+00
-2.119646175335219596e+00
-1.442306700919289142e+00
-1.383989464895421406e+00
-6.373361050609673839e-01
-5.523916094061860349e-01
-5.411229463024938013e-01
-6.571090711076976731e-02
-6.555567112445714884e-02
2.087894006835995242e-01
2.830784211910213344e-01
2.950866293140279595e-01
5.670368032078840770e-01
7.654929562522738706e-01
7.686394674456096254e-01
9.124606538061925676e-01
9.405060266763030086e-01
9.411032062125741504e-01
1.065446925193100469e+00
