-3.148966060240127263e+00
-3.036323720100881474e+00
-2.686780351672496181e+00
-2.166303596959551214e+00
-1.898067644648108399e+00
-1.420284698162504355e+00
-1.368540934715383628e+00
-1.108349772878682415e+00
-7.368819664761758759e-01
-7.350292032560901134e-01
-6.346327798428319511e-01
-5.763432190651656128e-01
-5.139169226031299331e-01
-3.264673215198854450e-01
3.098885526287631365e-02
3.372339252837264212e-02
4.772751499058358604e-02
4.912723078632552642e-02
7.836953153400827432e-02
1.534603256277478067e-01
