-5.160531962147075546e+00
-5.129522579867568766e+00
-4.176669205036517951e+00
-4.000528030960367687e+00
-3.834696163074937658e+00
-3.571901164503515247e+00
-3.435433951740947123e+00
-3.160677820549949502e+00
-3.097333882334766031e+00
-2.985544352160076187e+00
-2.814353812152830869e+00
-2.527520507616230816e+00
-2.488213999705351398e+00
-2.395190233054819373e+00
-2.337382198461000371e+00
-2.321583909994046735e+00
-2.218968919127917161e+00
-2.186061654848458602e+00
-2.107489584873377453e+00
-2.073419227286819932e+00
