-3.153903787002036552e+00
-3.076124329809772462e+00
-2.734249958292821248e+00
-2.255384937248891219e+00
-1.938744308225523127e+00
-1.528190148608246091e+00
-1.460367447958105913e+00
-1.157133358718965610e+00
-7.998674201817266294e-01
-7.985398391670059937e-01
-7.415994157322529645e-01
-6.731543304176739184e-01
-6.511461475743089977e-01
-3.815622500751487678e-01
-5.938514097988445428e-02
-5.340450099902227521e-02
-4.376590851052242215e-02
-4.022273460032010917e-02
-4.796789580268523423e-03
3.709115146511976491e-02
