-2.856888460824848153e+00
-2.539348642494587693e+00
-2.058337169662991073e+00
-1.383479211406665854e+00
-1.377258844120660797e+00
-6.277931968361372128e-01
-5.845960805236245506e-01
-5.104678306233836338e-01
-7.987881334702251479e-02
-7.938184396334690973e-02
1.755758334838901646e-01
2.264298859372502193e-01
2.693649374559754506e-01
5.560266700340434909e-01
7.154247710714116693e-01
7.174238812367548235e-01
8.544602546826354228e-01
9.029336950625292957e-01
9.049043672494008206e-01
9.963690135482465848e-01
