-2.590841820656351047e+00
-2.221389167378220009e+00
-1.685875480688991956e+00
-1.029520290532673243e+00
-9.593051062765880488e-01
-2.333644801037735306e-01
-2.120859102324175183e-01
-2.069455647870199755e-02
3.242079665687924717e-01
3.243109625254874118e-01
5.933975038024073001e-01
6.046987875160994008e-01
7.629811916849575937e-01
1.123884949760395102e+00
1.133890016797522549e+00
1.136512513305206085e+00
1.325511191829718882e+00
1.388811187225655885e+00
1.389040467580343829e+00
1.442205093175289221e+00
