-4.282614168361988050e+00
-4.271330489410956943e+00
-3.542391858268047145e+00
-3.401389458674884736e+00
-3.189209548216695111e+00
-2.961625136385919177e+00
-2.717278710890923321e+00
-2.542432191405850972e+00
-2.489055707324041578e+00
-2.257075903282384388e+00
-2.158682419348679105e+00
-2.088748805188515689e+00
-2.014465402902260394e+00
-1.859150863636159556e+00
-1.857631756227874575e+00
-1.785558866819201285e+00
-1.734026194378657237e+00
-1.631098678720718453e+00
-1.538903373275843478e+00
-1.506958512038409026e+00
