-1.605890791416101138e+00
-1.149906357123370526e+00
-4.481648857894811044e-01
3.146494099111123433e-01
4.172233082882996769e-01
1.243680319772579423e+00
1.364709831615982694e+00
1.695362613687592557e+00
1.852961210625721833e+00
1.875381764691042008e+00
2.229950115247703479e+00
2.253545569818527383e+00
2.471773950296466182e+00
2.707037356386649662e+00
2.725021172322698249e+00
2.999111672112377391e+00
3.055208190131480706e+00
3.078235682800709583e+00
3.086523373141773163e+00
3.154142175379973878e+00
