-3.214530791561628575e+00
-3.098716508513462031e+00
-2.745680314870696748e+00
-2.223391123385226820e+00
-1.954135387484711828e+00
-1.474540982520920807e+00
-1.422443809242395218e+00
-1.163471398205729201e+00
-7.899389209251239663e-01
-7.892983592755626887e-01
-6.822787348337442381e-01
-6.296681718140462181e-01
-5.627803589432005538e-01
-3.818941176486987388e-01
-2.160605987592134625e-02
-1.819210762550937943e-02
-1.891212064947467297e-03
-1.345616386970505118e-03
2.781280253657314461e-02
1.004052347616379848e-01
