-2.960842597534792731e+00
-2.714184009684686316e+00
-2.273795995293767191e+00
-1.628283072983322199e+00
-1.513873369305656524e+00
-8.141467160203319509e-01
-7.688077077837078832e-01
-6.838088920740119647e-01
-2.347274417588778306e-01
-2.313202934201399330e-01
2.315503657882800326e-02
5.376106392213841900e-02
1.530540466192178428e-01
2.950498240898014046e-01
5.883141760532453191e-01
5.915838890432496555e-01
7.027554472369956784e-01
7.176507805961591657e-01
7.210820230138779152e-01
8.693605122316512279e-01
