-3.107206984561344143e+00
-2.862890727767080534e+00
-2.426871354102331679e+00
-1.789453176017559599e+00
-1.679416077873611357e+00
-9.892056512107956223e-01
-9.437740947614656761e-01
-8.597298743261490017e-01
-4.085530121665215120e-01
-4.081061137258075178e-01
-1.645192869036691263e-01
-1.336383956731879152e-01
-3.450110077392309904e-02
9.452852395043009892e-02
4.020869031373877078e-01
4.044095154458773322e-01
5.094578876232844777e-01
5.271950054884655401e-01
5.298726797991548665e-01
6.700858375261304900e-01
