-2.479574865599261102e+00
-2.129216380096295325e+00
-1.593143841371329472e+00
-8.601997052487604378e-01
-8.231910845652237185e-01
-9.173883181574638002e-03
-1.549715182136424119e-03
1.810755707861062547e-01
5.531015289420793124e-01
5.557578721845857217e-01
8.750237547151300532e-01
8.834128644107295258e-01
1.040205318187872763e+00
1.425470104079067823e+00
1.431796241788561019e+00
1.438018624320648087e+00
1.648935208732382307e+00
1.695455447444601305e+00
1.700169010337958753e+00
1.779630049788465840e+00
