-2.394603562595989388e+00
-2.196859455025958141e+00
-1.684991825994018200e+00
-9.368306170529763222e-01
-6.793443856156216043e-01
1.695236549726075737e-01
2.692294957175818126e-01
3.574943659351674796e-01
7.463962733227731405e-01
8.166694258898985481e-01
1.171126392643856207e+00
1.199344909317574093e+00
1.348606012752327388e+00
1.419662703578978835e+00
1.738627430643845173e+00
1.740359170868941874e+00
1.816350308123048762e+00
1.820846624900923416e+00
1.906745499481274919e+00
2.124217776423563464e+00
