-3.177412112629099283e+00
-3.055115706853030133e+00
-2.700718846359450254e+00
-2.174108659452031134e+00
-1.913492096718982793e+00
-1.423674707801183104e+00
-1.374945376901450800e+00
-1.123526393754218589e+00
-7.482087644348212052e-01
-7.475784757389192237e-01
-6.319977261427993653e-01
-5.826666485536406981e-01
-5.077658180762227857e-01
-3.421571301496442175e-01
2.020769985756487586e-02
2.361940729315392673e-02
4.546488503547152504e-02
4.598547787827556022e-02
7.232695582388259936e-02
1.506600543762033340e-01
