-3.251894113593152724e+00
-3.114480969314172398e+00
-2.756674085834674770e+00
-2.223934805984754348e+00
-1.977256514383043395e+00
-1.476058430995180970e+00
-1.427946999458072241e+00
-1.190153997504239669e+00
-8.102035093324957415e-01
-8.066612858165171929e-01
-6.900848546029010322e-01
-6.381215797628101427e-01
-5.570165768876904622e-01
-4.041508709160552826e-01
-4.035291655964101665e-02
-3.741401128718280233e-02
-1.202805338834878057e-02
-1.066001987783238292e-02
7.029545420664362609e-03
9.529133501564501785e-02
