-3.416965092880673183e+00
-3.413294812128810918e+00
-3.000367126862443001e+00
-2.628038189782841982e+00
-2.269734133128395115e+00
-1.885444535104056740e+00
-1.878945868835103283e+00
-1.514597232419873762e+00
-1.166500745400071537e+00
-1.166270507360195552e+00
-1.123203739191922068e+00
-1.122829308735731502e+00
-1.120298294763642843e+00
-7.882066201871111844e-01
-4.966630235882121269e-01
-4.734911076476464586e-01
-4.547445428368064313e-01
-4.261233977711071930e-01
-4.093690417421385064e-01
-4.075071608892812947e-01
