-4.439277194683802463e+01
-3.388595654248922528e+01
-3.341108426628085226e+01
-3.271752726100424979e+01
-3.268001898197707078e+01
-3.252308007642136545e+01
-3.247461981232930839e+01
-3.179499042479898208e+01
-3.091694400902485995e+01
-3.073025379386774603e+01
-3.072490887112269320e+01
-3.025888395415239529e+01
-3.022445295146928856e+01
-2.991630607643867279e+01
-2.962349739870381882e+01
-2.932349695358612962e+01
-2.932271935714584288e+01
-2.775391153040459358e+01
-2.709581166631471660e+01
-2.706984036262360860e+01
