-2.547481852142027492e+00
-2.258167457092895347e+00
-1.766864378628724808e+00
-1.043028721623613819e+00
-9.897683258031975129e-01
-2.013161267955183575e-01
-1.196625707834755303e-01
-8.322040245366224553e-02
3.762056192063027993e-01
3.779588646466436330e-01
6.878756549290301336e-01
7.651539553539805638e-01
7.892461638557506376e-01
1.118070901829469221e+00
1.250684485846704774e+00
1.256074677206925116e+00
1.433645027056627441e+00
1.453429194159070903e+00
1.459705149451110628e+00
1.592258837876215694e+00
