-5.997355323332953958e+00
-5.955312929829119639e+00
-4.719456925874510489e+00
-4.656287866442312406e+00
-4.510345460557118713e+00
-4.478656131480761360e+00
-4.390701897020562683e+00
-4.375983215959763584e+00
-4.293907478489245477e+00
-4.183238984017975781e+00
-4.143141132431537699e+00
-4.013587753925094148e+00
-3.978239602898156591e+00
-3.917574413709644432e+00
-3.842306896602281086e+00
-3.671780118479318844e+00
-3.638596921369867232e+00
-3.474141466090031827e+00
-3.293149097926061586e+00
-3.241641435665655990e+00
