-3.447913927721828031e+01
-2.566172044950582176e+01
-2.513426530020205973e+01
-2.510620369053231116e+01
-2.469812860150420875e+01
-2.437151773675964250e+01
-2.385080131933409575e+01
-2.328808492026348631e+01
-2.320029952891553648e+01
-2.302701294251687614e+01
-2.283055927340490143e+01
-2.265307400855795095e+01
-2.246678768137343241e+01
-2.207825668396048968e+01
-2.175041910257169775e+01
-2.160886760488727987e+01
-2.137860683198744027e+01
-2.137368470770411477e+01
-2.108862654734264197e+01
-2.100782761893873385e+01
