-2.696742418542271480e+00
-2.384724210662170663e+00
-1.881765077752788784e+00
-1.162504289533899282e+00
-1.150320142962300451e+00
-3.499939010162052000e-01
-3.038110749912448227e-01
-2.156957850438629976e-01
2.148619977306225337e-01
2.158236820232559694e-01
5.093775575369363651e-01
5.549318595803924836e-01
6.217492361338372575e-01
9.561305559727770742e-01
1.062752486641329597e+00
1.064224918189211166e+00
1.242182827450960758e+00
1.277720280528228614e+00
1.281693961076598498e+00
1.384889707462207298e+00
