-3.029871767837903462e+00
-2.797835257246333640e+00
-2.360813354425772559e+00
-1.728069530428911094e+00
-1.602901049554930069e+00
-9.172943854355253279e-01
-8.813876523126964457e-01
-7.766929933277424425e-01
-3.339921150109148584e-01
-3.330813049906282686e-01
-8.773455322807421908e-02
-6.408186093904078007e-02
5.161546684394124895e-02
1.580513948210864328e-01
4.819426606263732538e-01
4.844183440727647394e-01
5.858037611033068970e-01
6.010186303319642320e-01
6.012376088328892365e-01
7.504688954431912862e-01
