-1.990290370757975325e+00
-1.488316905132705870e+00
-8.169893061326547468e-01
-2.063263326413107279e-01
6.349443074213922955e-02
6.017073081575290416e-01
7.930906480987687246e-01
1.175628449329906289e+00
1.316098190306547622e+00
1.316462181451242941e+00
1.457796922139095841e+00
1.633211593092255498e+00
1.970031480393572565e+00
2.158699769841859961e+00
2.159876556423569127e+00
2.357530464941646642e+00
2.506692695221317990e+00
2.520895012660730572e+00
2.530774241680319392e+00
2.590375842846697196e+00
