-2.079271965629459373e+00
-1.674934520037140828e+00
-1.069700955114967655e+00
-3.318764731711780769e-01
-2.145241518906004785e-01
5.639948205059681641e-01
6.355040537537206546e-01
9.026911999455933255e-01
1.186560002784062817e+00
1.197966872709230302e+00
1.503320890268469157e+00
1.560252949692312541e+00
1.792584154747828507e+00
2.109326148396121425e+00
2.122812235710625828e+00
2.312761327453245030e+00
2.420626389138305967e+00
2.449556323635079025e+00
2.455089394641618128e+00
2.465884465760382227e+00
