-2.964644345021952176e+00
-2.718774849836336216e+00
-2.278788945332053117e+00
-1.633633382061816519e+00
-1.518065136446239194e+00
-8.189541126412223093e-01
-7.743692412150267046e-01
-6.876692685837042518e-01
-2.391263023200735915e-01
-2.357167377995210700e-01
1.863612673332681879e-02
4.859227098131668754e-02
1.494000003331166226e-01
2.892829173542850185e-01
5.841300727915950119e-01
5.874039205300505273e-01
6.982934871120960452e-01
7.128099979490798432e-01
7.162630518614605535e-01
8.650446577994443942e-01
