-3.377239411707705585e+00
-3.302962839203246403e+00
-2.960333103394077625e+00
-2.492827098736597691e+00
-2.183399053534230916e+00
-1.790009279138757847e+00
-1.729617966186197009e+00
-1.430078635301470058e+00
-1.055024206114467233e+00
-1.053447206893906696e+00
-1.052221056052076165e+00
-9.904896590196585748e-01
-9.811916943326650653e-01
-6.888083624544378836e-01
-3.638982196389406454e-01
-3.617763718903006520e-01
-3.503761473039048724e-01
-3.331079382442112546e-01
-3.301689009094843641e-01
-3.246137516907765530e-01
