-2.719266060285008280e+00
-2.449481250416283729e+00
-1.976935530365153681e+00
-1.287489341730179149e+00
-1.214941314090538071e+00
-4.589246618397737620e-01
-3.714660116384038702e-01
-3.623689068517705891e-01
1.173713705848058453e-01
1.184274383249430684e-01
4.029900856476160698e-01
4.729168793892313261e-01
4.962191439481102861e-01
7.625628662317467388e-01
9.650483830810117070e-01
9.673284465625329176e-01
1.117123325322609162e+00
1.136246686877711909e+00
1.140735046432382660e+00
1.277110793420433765e+00
