-2.884279939506086521e+00
-2.634754626589710824e+00
-2.180020242583850631e+00
-1.523514311695180368e+00
-1.421809111809125170e+00
-7.062524178109015338e-01
-6.433672083076089621e-01
-5.852002309366071131e-01
-1.252611583004181739e-01
-1.250681649580656085e-01
1.412063345815113280e-01
1.867989083220891189e-01
2.607987031515222043e-01
4.415900836465880275e-01
7.056345831697399262e-01
7.090601194395276252e-01
8.345126145577523857e-01
8.502345160886761732e-01
8.515856487865676172e-01
9.970086364883172791e-01
