-2.380386547423768206e+00
-1.963053203615345410e+00
-1.385249675737213693e+00
-7.450472989239642629e-01
-6.065926445771765430e-01
5.585627334403397981e-02
1.384107069916353794e-01
3.905399086743273074e-01
6.650529694197757635e-01
6.658139121846033959e-01
8.887231219850946218e-01
9.603427120400738204e-01
1.177725685196492122e+00
1.485062426703734673e+00
1.485767454223605455e+00
1.612497205916952225e+00
1.724447828746633604e+00
1.750147402382935979e+00
1.798522708850214258e+00
1.801911085420215386e+00
