-1.483023417475465067e+00
-8.667714102912214003e-01
-7.977651742328362161e-02
5.208294757935618691e-01
9.303557345705257831e-01
1.330376734834999297e+00
1.656357715943499898e+00
2.163902210960827688e+00
2.170355553447393504e+00
2.183457228308043341e+00
2.210966540525078017e+00
2.504576410374056650e+00
2.942372396945870605e+00
2.962102765686609018e+00
2.973938822331547271e+00
3.096167661691197281e+00
3.379937873716244212e+00
3.430424883697696714e+00
3.482754145046442318e+00
3.485959362620747015e+00
