-1.796086924517226180e+00
-1.332478002470111278e+00
-6.682952081785060727e-01
6.373285111999393848e-02
2.671256613400601054e-01
1.012262925870686558e+00
1.108562315329834291e+00
1.401238395482891974e+00
1.667417295845723402e+00
1.667572878352643784e+00
1.948524283860308515e+00
2.060442772138912915e+00
2.331989011917755761e+00
2.543053457471273759e+00
2.546293488107778558e+00
2.828987368508308009e+00
2.878793258110874831e+00
2.886768088770509166e+00
2.899198205439802223e+00
2.936630660378000357e+00
