-2.633364654743672872e+00
-2.356854126355756307e+00
-1.867653855037133326e+00
-1.168421023303380935e+00
-1.102884945238656655e+00
-3.308494938837611699e-01
-2.439421149829286151e-01
-2.303636479991837405e-01
2.420282396315087681e-01
2.429418094643551740e-01
5.409171257169873570e-01
6.240890095905342605e-01
6.288867493058205582e-01
9.343017655992298387e-01
1.105355793483795424e+00
1.105450226808898151e+00
1.269043533317017136e+00
1.291862963347739424e+00
1.293650114304000454e+00
1.428375369662717276e+00
