-2.258842525076033780e+00
-1.816171889608995116e+00
-1.209884470273209445e+00
-5.769804445753834443e-01
-4.054199373977098730e-01
2.242515155021465034e-01
3.370781148969399510e-01
6.295296620519366115e-01
8.578585536624814267e-01
8.589302074997249292e-01
1.066018893932778155e+00
1.164354776167783712e+00
1.416156404934554303e+00
1.688585787349438760e+00
1.688972462718993484e+00
1.890801970260326925e+00
1.933422190543751640e+00
1.955122324879084772e+00
2.025534298354614293e+00
2.038612841045505775e+00
