-3.258452531466900837e+00
-3.123085958446608856e+00
-2.766660856850648997e+00
-2.236280980094306869e+00
-1.987844736442639260e+00
-1.490580001915077446e+00
-1.441540534178784583e+00
-1.202307901341555407e+00
-8.236877492345229257e-01
-8.201408962304412853e-01
-7.060942721800529398e-01
-6.533212343019840773e-01
-5.745855482928163838e-01
-4.179979523869405966e-01
-5.555710860789986327e-02
-5.263470582940499298e-02
-2.868874864725512452e-02
-2.731378035241505131e-02
-8.926384958613198251e-03
7.760714043979533017e-02
