-2.394136915281637812e+01
-1.770812591540482117e+01
-1.690975366702241445e+01
-1.666088172656913002e+01
-1.621784880594526612e+01
-1.584435430957745439e+01
-1.581119596335145161e+01
-1.563080537971944750e+01
-1.528703289983195646e+01
-1.504572028524859206e+01
-1.467527453210965405e+01
-1.453537959274871127e+01
-1.450234966917804513e+01
-1.436618447112061858e+01
-1.419989039998739599e+01
-1.418822348208055928e+01
-1.402119602465370463e+01
-1.381798074614556526e+01
-1.378730202768167601e+01
-1.369074310340846523e+01
