-3.330713360643130727e+00
-3.192416242534818593e+00
-2.832940935055376031e+00
-2.297021197191497777e+00
-2.055913526586664375e+00
-1.548670994750864338e+00
-1.505946852179476991e+00
-1.268846895713068079e+00
-8.856151928048348054e-01
-8.852229084368445911e-01
-7.679572882479988039e-01
-7.196447509850258939e-01
-6.386405166995245963e-01
-4.864874788472661749e-01
-1.188837708978098817e-01
-1.165362565880059265e-01
-9.059790844912640750e-02
-8.866224696976132691e-02
-7.565830482781166211e-02
9.705649768875446171e-03
