-1.042813718725369654e+00
-3.451774675713750185e-01
5.549135237782820695e-01
1.111100821055686083e+00
1.548492001358795278e+00
1.882031438489946140e+00
2.281368120893773721e+00
2.685821630515448533e+00
2.699869575019221202e+00
2.715977580456694795e+00
2.919183530490613521e+00
3.007885666444934714e+00
3.473116948613011346e+00
3.477526693737928554e+00
3.518778960693623503e+00
3.642402931754617157e+00
3.841618778886498831e+00
4.038301445039280679e+00
4.195186225119584833e+00
4.240433760386622453e+00
