-3.922745799094968788e+00
-3.879112922945978426e+00
-3.332174154012534473e+00
-3.084787730050436494e+00
-2.786453266597050060e+00
-2.459125380808018235e+00
-2.237123668606272986e+00
-2.141306345033626712e+00
-1.791039240218140094e+00
-1.694828359999291933e+00
-1.582870633824086326e+00
-1.545823204918804095e+00
-1.545279327247044421e+00
-1.412092163567024272e+00
-1.071035641042556108e+00
-1.062898015110192773e+00
-1.010748966951496186e+00
-1.007654968210999868e+00
-9.992764333050558889e-01
-9.429633330332194419e-01
