-3.398431149536918383e+00
-3.311276104424905498e+00
-2.970875172752130311e+00
-2.493255216337274760e+00
-2.189503554553084541e+00
-1.787065901036839932e+00
-1.724822528529330157e+00
-1.431425968265102711e+00
-1.056863937679736409e+00
-1.056610938052472193e+00
-1.043011791218305007e+00
-9.763025370484683663e-01
-9.656605286436388269e-01
-6.842825900894240476e-01
-3.548318561661290005e-01
-3.528202287780004553e-01
-3.385679742277716286e-01
-3.293120121015817858e-01
-3.267016453828546219e-01
-3.091220727292238735e-01
