-3.705129909460083582e+00
-3.698210807126997679e+00
-3.234958644367907254e+00
-2.947175808553311072e+00
-2.646962003550470399e+00
-2.348164524705680378e+00
-2.200365055356996891e+00
-2.045387001067865640e+00
-1.735458530954929302e+00
-1.639692370017201029e+00
-1.578806021526816039e+00
-1.451900899321572069e+00
-1.449335106166472542e+00
-1.418183727432278829e+00
-1.131675747652025166e+00
-1.076655298774767289e+00
-1.026529631343692017e+00
-9.552706228705574176e-01
-9.543310882613695867e-01
-9.520349265299046237e-01
