-2.555804315153636708e+00
-2.268327334680634522e+00
-1.778076429403427028e+00
-1.055133536508037650e+00
-9.990186507916405390e-01
-2.119739809240854811e-01
-1.279855692282581003e-01
-9.589018213500821730e-02
3.663949489582591923e-01
3.681416872595946188e-01
6.780362337635779113e-01
7.573701604665075138e-01
7.777204428903132793e-01
1.104857241538411472e+00
1.241493743538740091e+00
1.246893121270204574e+00
1.423716592645632772e+00
1.442554946888321865e+00
1.448873123702924204e+00
1.583013758545348537e+00
