-3.095135790666972753e+00
-2.870172595576150343e+00
-2.446248492276936304e+00
-1.821866641832457390e+00
-1.684900118176301476e+00
-1.015174091800872702e+00
-9.881957606630749069e-01
-8.636351487512001768e-01
-4.275012306679855101e-01
-4.271216108536464162e-01
-1.905622819831478409e-01
-1.763460720685543492e-01
-3.942184762854594737e-02
3.439645838807336986e-02
3.819740558756166138e-01
3.845776209709583782e-01
4.784410667198244482e-01
4.885634905513143167e-01
4.916469847667030990e-01
6.428906207729596645e-01
