-2.267972070835696741e+00
-2.001012868335976691e+00
-1.484933250497192603e+00
-7.134527530641889825e-01
-5.981566613803011023e-01
2.529603753394553678e-01
3.398146022456103310e-01
3.937079649912220702e-01
8.799846041855516887e-01
8.870530509728382640e-01
1.271011436759238222e+00
1.360302187919273820e+00
1.381487546849768933e+00
1.681175526556899058e+00
1.823315393722339195e+00
1.860553633438485122e+00
2.010547467950914324e+00
2.044971456504583784e+00
2.074016765307248988e+00
2.261947302218629829e+00
