-2.287207511305098251e+00
-2.023517482791646671e+00
-1.508890209070500532e+00
-7.388152280031476948e-01
-6.174096145649627942e-01
2.312008891293544366e-01
3.147173197729102867e-01
3.767670355984478192e-01
8.604267439374098103e-01
8.676385578345389149e-01
1.251950414778320919e+00
1.342345955968596627e+00
1.362435995488283424e+00
1.656893955568477850e+00
1.805996050883322823e+00
1.843503671699238566e+00
1.990791745742569674e+00
2.026231455083518540e+00
2.055514996280976447e+00
2.244958901067320767e+00
