-2.730525532737374306e+00
-2.461500018545848434e+00
-1.989119900643345318e+00
-1.299531634214872611e+00
-1.225725351969231269e+00
-4.697088990287738852e-01
-3.829169231757987291e-01
-3.721064923120138701e-01
1.073309151961439056e-01
1.083905129980848869e-01
3.932468555303785251e-01
4.626379922501655528e-01
4.873167093719530385e-01
7.520435587302927161e-01
9.558924512584781041e-01
9.581539020600757794e-01
1.108090916577566531e+00
1.126732519403958577e+00
1.131256491167732747e+00
1.268229533012345200e+00
