-2.261378085078035838e+00
-1.983323729123412704e+00
-1.451100510749824934e+00
-6.748193168270972819e-01
-5.984189872725664827e-01
2.571574248967181120e-01
3.503952410649162630e-01
3.881474722170423775e-01
8.786974908204001622e-01
9.012970353693390280e-01
1.230249424554472171e+00
1.290720564223988731e+00
1.339951838945580675e+00
1.672451059871946200e+00
1.778943966372480645e+00
1.796160817510553898e+00
1.995555804885270845e+00
2.003308925274382091e+00
2.040270852098956311e+00
2.233908785323592383e+00
