-5.359450300988623894e+01
-4.607113942580053845e+01
-4.204970740217095226e+01
-4.154861898200675796e+01
-3.959201953853386158e+01
-3.958073637243154508e+01
-3.932047873374915525e+01
-3.870900601969105992e+01
-3.856325662391043352e+01
-3.838029503101279261e+01
-3.664294973525943533e+01
-3.638993252068723905e+01
-3.615955859193132937e+01
-3.565360561411040408e+01
-3.504924584315875791e+01
-3.488283134842879463e+01
-3.305916869236665434e+01
-3.286778042598803040e+01
-3.252576411299503434e+01
-3.242076210232011135e+01
