-3.132784500244270021e+00
-3.042581888656968658e+00
-2.688100504506110155e+00
-2.188861425522190984e+00
-1.899405840411418467e+00
-1.452202963430863747e+00
-1.388275968638481572e+00
-1.117593036232392478e+00
-7.515523622414548299e-01
-7.503762792021007044e-01
-6.646561376492172712e-01
-6.032430018540253513e-01
-5.576162489423950319e-01
-3.319061863558090408e-01
1.357290902069507865e-02
1.679775157754193060e-02
1.849707977453363128e-02
1.905871373401168967e-02
5.871148443020501873e-02
1.232957304391675279e-01
