-3.100064898229902610e+00
-2.875308958784444258e+00
-2.451398884353693575e+00
-1.826947034751356114e+00
-1.689639260286639910e+00
-1.019886133981344756e+00
-9.930599331346456893e-01
-8.680608414506423287e-01
-4.319755522665218450e-01
-4.315937236024183221e-01
-1.949595197147573344e-01
-1.808520415142993443e-01
-4.359444732835981995e-02
2.986214674456277862e-02
3.777710912036127411e-01
3.803669115222874098e-01
4.743315731539041735e-01
4.842921633971855044e-01
4.873850518270046450e-01
6.387524078236310743e-01
