-2.803219735567836324e+00
-2.506097312349083950e+00
-2.022210688164705061e+00
-1.324229866786481580e+00
-1.284846994301915402e+00
-5.135456094485562062e-01
-4.438334955248137703e-01
-4.035157471953425556e-01
5.600397316266025882e-02
5.648927527363412082e-02
3.381866440213343594e-01
4.063936485217709560e-01
4.335144542383204680e-01
7.353549039216886740e-01
8.942099934247380588e-01
8.980918023298727348e-01
1.058382945475386805e+00
1.088266866523554199e+00
1.088906338231026893e+00
1.205569849164021434e+00
