-8.234014894114807248e-01
-2.885917134917690419e-01
3.968530452912091278e-01
1.173588733538053930e+00
1.257847831810067873e+00
2.121437143388902768e+00
2.147103982177213766e+00
2.289088136756618042e+00
2.794815224122430664e+00
2.800451019305910449e+00
3.111282887795823626e+00
3.171482843506964855e+00
3.241263319810968824e+00
3.465073711471632123e+00
3.770668661745730788e+00
3.814730346603028011e+00
3.836890458944253623e+00
3.954410941129026469e+00
3.955055714250192977e+00
4.157370669032388832e+00
