-8.090058949346712325e-01
-2.582591209429665469e-01
4.466316390389692970e-01
1.224103863823984284e+00
1.332125303331849864e+00
2.200765056713862577e+00
2.206775186779850628e+00
2.391766518667282071e+00
2.872190790771128377e+00
2.877695592032978311e+00
3.198044677097641397e+00
3.280533141121850349e+00
3.310443146994657582e+00
3.603635462786769494e+00
3.880809480069729034e+00
3.903159708144812612e+00
3.925756184056808706e+00
4.064331801440857816e+00
4.065248375321971253e+00
4.276441237336257473e+00
