-8.011081726508564316e-01
-2.650760144315427169e-01
4.182590186719608027e-01
1.197469849535991671e+00
1.283471045549958944e+00
2.149904449299356202e+00
2.173011584771302296e+00
2.319491464320890373e+00
2.821685528102534590e+00
2.827001717501843814e+00
3.140003083211922785e+00
3.204343131172208814e+00
3.268758355628960999e+00
3.502217646542703733e+00
3.805530920832097763e+00
3.844680107518797740e+00
3.866765682374534663e+00
3.987351588213641662e+00
3.988520953611441655e+00
4.192971754997415701e+00
