-6.533972952770454867e-01
-1.284320385759656347e-01
5.475276741417474113e-01
1.330604544444895510e+00
1.414969988531538547e+00
2.295916921863181415e+00
2.317578967286181069e+00
2.473672753668097357e+00
2.964981650627578347e+00
2.971695237433550574e+00
3.292847790125051688e+00
3.375420865630758271e+00
3.424312036257106229e+00
3.703158213944334420e+00
3.984196518392536746e+00
4.001692934176389826e+00
4.021283272857544944e+00
4.158134333157249785e+00
4.163439932900018903e+00
4.382870554971759702e+00
