-7.964572638920799363e-01
-2.475925421022111550e-01
4.529849532445950899e-01
1.234707749059452908e+00
1.339295283374667633e+00
2.209932439502154011e+00
2.217887506336410297e+00
2.399889526470360579e+00
2.881538017001730623e+00
2.886915415019757347e+00
3.208354725080425851e+00
3.289853359725384507e+00
3.324016606453369604e+00
3.611042249282036209e+00
3.891376254694478121e+00
3.915664009324245853e+00
3.937758166077401256e+00
4.074025095702381805e+00
4.075499026639590738e+00
4.287904794244241202e+00
