-6.105215890240742738e-01
-1.616860892613658507e-02
7.527897705725763444e-01
1.546791000615712619e+00
1.738519372371570171e+00
2.565343719383236021e+00
2.627682078339489635e+00
2.933229830580216912e+00
3.301405448185505520e+00
3.305528130942207099e+00
3.673077271263423427e+00
3.714389310074011519e+00
3.866090428526149481e+00
4.315290834089182681e+00
4.387199960494513107e+00
4.407981467707600132e+00
4.478221208955005750e+00
4.647695831743476447e+00
4.658611905511179430e+00
4.833589873098958378e+00
