-7.866391930801910348e-01
-2.094408278571791016e-01
5.156774146889802068e-01
1.275531465420499444e+00
1.417254466221493203e+00
2.249754911521449685e+00
2.272643922566203400e+00
2.490507109607278835e+00
2.935689052028465085e+00
2.940957357415754814e+00
3.262754207236866932e+00
3.346839121542870998e+00
3.371227484392875340e+00
3.715016115129401442e+00
3.957033154001692310e+00
3.961379245243733749e+00
3.983130305881786626e+00
4.144787516306678299e+00
4.145595998437784147e+00
4.353508262189279776e+00
