-5.740903604538516447e-01
3.001194693911202194e-02
8.153870800363165472e-01
1.611910735728088184e+00
1.819294678735673187e+00
2.630351688114956232e+00
2.717728616165800304e+00
3.024549557466912120e+00
3.382684887126288231e+00
3.385176824920677063e+00
3.759517763649682820e+00
3.785230036909069895e+00
3.968553657227971598e+00
4.434693007182204383e+00
4.472083406598244437e+00
4.490910478037562825e+00
4.578434371775870204e+00
4.744601727869508068e+00
4.751044067447082853e+00
4.907293374022287935e+00
