-6.783252508153054805e-01
-1.098491500547424948e-01
6.220888942398232757e-01
1.408075473914777831e+00
1.553301584448036010e+00
2.407954595042610890e+00
2.434675236497696460e+00
2.673877598040235171e+00
3.113157232296089205e+00
3.117420303030939976e+00
3.461083631992096343e+00
3.539253606206784752e+00
3.587501546917337691e+00
3.979738053697019495e+00
4.176184082284180477e+00
4.196717282967711071e+00
4.199166102433082415e+00
4.378063520816340315e+00
4.378350075533944619e+00
4.592394279788095446e+00
