-7.931338137132115662e-01
-2.611874363283277489e-01
4.171385915251448750e-01
1.195070072863018140e+00
1.273822808449040167e+00
2.136935912894841749e+00
2.168433815393655095e+00
2.295121043425751850e+00
2.809819812078785617e+00
2.815484388731420040e+00
3.123153197033389006e+00
3.176148143073078245e+00
3.259545571687340271e+00
3.460546974041790236e+00
3.775366070396557916e+00
3.824823380993620958e+00
3.847386385481513571e+00
3.958569903945317492e+00
3.958662704171729274e+00
4.157524734182516113e+00
