-8.423285063472576439e-01
-3.078561258444096893e-01
3.756534033745992929e-01
1.152095551020465791e+00
1.235593668592628092e+00
2.099297926615690812e+00
2.126962908907444216e+00
2.262898948887595907e+00
2.772158305058837868e+00
2.777526517835212871e+00
3.087475817636004649e+00
3.144757357003982179e+00
3.220009826691239141e+00
3.434580395623925142e+00
3.743824649776797742e+00
3.790713318187044933e+00
3.813610051234718412e+00
3.928306822621379979e+00
3.928581455009407364e+00
4.128975485829869285e+00
