-7.646634750853991136e-01
-2.350585120293544605e-01
4.436130460853746627e-01
1.222174778940825490e+00
1.301194779920479050e+00
2.163113595615868689e+00
2.192973312015965348e+00
2.321933772655029316e+00
2.834579802416556049e+00
2.839733035860263044e+00
3.148744356149109080e+00
3.202912999229738489e+00
3.283081966113968519e+00
3.490964225060452009e+00
3.803200298596493667e+00
3.849664750185183948e+00
3.872227920106524834e+00
3.985597215149027761e+00
3.985727075014438014e+00
4.184763079309050227e+00
