-6.590938742078833457e-01
-8.839634180048960843e-02
6.477068888341364072e-01
1.436230673220961762e+00
1.585855642987780811e+00
2.445374242061461700e+00
2.477205061954236953e+00
2.724938878340935844e+00
3.152321836201508631e+00
3.160195394053971540e+00
3.506009298316939748e+00
3.583689585833781166e+00
3.645455682494684879e+00
4.052565066642955571e+00
4.222544914894115209e+00
4.244047047906406078e+00
4.255081647403585521e+00
4.436250835296277728e+00
4.440561359207094938e+00
4.649900603136302379e+00
