-7.747259794668934774e-01
-2.443589810791308992e-01
4.338430916759534739e-01
1.212477019384095911e+00
1.290260356287035393e+00
2.153816165078751510e+00
2.184517537512874696e+00
2.313783036879613064e+00
2.825252861770422896e+00
2.830621050699846819e+00
3.138598772638943046e+00
3.194109860603930429e+00
3.273814618936739862e+00
3.479388239207764855e+00
3.793022815039876150e+00
3.840426427632337436e+00
3.862621344036597293e+00
3.975614758128358517e+00
3.976271876352257095e+00
4.175266901878785575e+00
