-5.587429150186125071e-01
-1.961496973541514421e-01
2.495679691945795753e-01
8.964612564943124084e-01
1.087409233540284959e+00
1.704694140989509776e+00
1.816542754778801338e+00
2.041233945494134616e+00
2.514473121517617926e+00
2.547423615532359520e+00
2.554591844700254910e+00
2.574794849211016867e+00
2.758028684960514454e+00
2.970250632397693380e+00
3.230129676203141287e+00
3.320735919302926220e+00
3.324117637058421337e+00
3.340412077203048113e+00
3.356873997159468104e+00
3.377083988927182645e+00
