-7.680619726779696066e-01
-2.060223540884180693e-01
5.081398296551924432e-01
1.286854399819276296e+00
1.413220122827624436e+00
2.274723523158172611e+00
2.284070318946760381e+00
2.493666898020819644e+00
2.955270251151887351e+00
2.960504904000117676e+00
3.288155401853146031e+00
3.383451219357084483e+00
3.392042218089045491e+00
3.736691056823474355e+00
3.990198469275128446e+00
3.994903908680498716e+00
4.016247115907390253e+00
4.172617193678888725e+00
4.173590573767796741e+00
4.393736605519734439e+00
