-7.466759178187203361e-01
-1.910193001713196281e-01
5.247688397394085769e-01
1.306026752585239592e+00
1.426928270762800821e+00
2.295878446837377851e+00
2.301553630035414244e+00
2.510191184910581796e+00
2.972304500011887285e+00
2.977896833397608134e+00
3.308223365927915438e+00
3.404522106067815912e+00
3.413789170961536001e+00
3.755770113217295147e+00
4.010237896161925164e+00
4.016156118508661166e+00
4.038769755026805797e+00
4.192375228542005061e+00
4.193851040088702575e+00
4.415010715038079070e+00
