-7.791746547245566035e-01
-2.223809852403064724e-01
4.925001768551737769e-01
1.270933538589815726e+00
1.388019075995543972e+00
2.254395119596665609e+00
2.258018538883334259e+00
2.464856200933354557e+00
2.930550433055032045e+00
2.935998938417469617e+00
3.261650320258922875e+00
3.355191923801612575e+00
3.364831850960399606e+00
3.696084861025155988e+00
3.957962247837713221e+00
3.968280903376580682e+00
3.990030531629599864e+00
4.140974776342773112e+00
4.142342670420475770e+00
4.359673037552056485e+00
