-8.178501885558944196e-01
-2.668464176094857976e-01
4.337975639718933962e-01
1.211489367320609745e+00
1.318605767919507343e+00
2.185557862081623171e+00
2.193288302732980810e+00
2.373078485201403964e+00
2.857696199993370101e+00
2.863090936371008866e+00
3.182198396651074290e+00
3.261128560123324860e+00
3.297437818575417623e+00
3.579139945482893381e+00
3.860801940267265309e+00
3.886821543761470821e+00
3.908908979246916715e+00
4.044540328104631044e+00
4.045213141980639193e+00
4.255462751185405068e+00
