-8.200344860088080168e-01
-2.527329502481734380e-01
4.586599783942801878e-01
1.223069659288739786e+00
1.348290446330793202e+00
2.194804981001652777e+00
2.204021877842023969e+00
2.405503590111038648e+00
2.869249736657366157e+00
2.874550270324107260e+00
3.191690554231172428e+00
3.281537682109046727e+00
3.292365276749478653e+00
3.607687048803200014e+00
3.871820672778994776e+00
3.891604783872026019e+00
3.913231572732911445e+00
4.059589064709143713e+00
4.060335039685014635e+00
4.269128707877825946e+00
