-6.747200229569898511e-01
-1.440362239802652766e-01
5.357180266128125368e-01
1.315567261025307744e+00
1.404327545411206302e+00
2.281284591277426443e+00
2.299461176403156060e+00
2.459949939187708878e+00
2.954492320241570269e+00
2.961923386427997684e+00
3.281813732039154274e+00
3.360344450992670318e+00
3.404776254676562530e+00
3.689243754396784425e+00
3.969824103037581153e+00
3.987785787434859230e+00
4.008455325215436460e+00
4.145979498388669526e+00
4.149717227294559052e+00
4.364692660818263903e+00
