-8.033386236129445024e-01
-2.561512989595939871e-01
4.457000348920701072e-01
1.224504397971031722e+00
1.328172033507144079e+00
2.197316813857469242e+00
2.207755235347576672e+00
2.384400965092936531e+00
2.869244164441624889e+00
2.874842097942746477e+00
3.194944714097800897e+00
3.273262414051714586e+00
3.312048047489952296e+00
3.592266283285425743e+00
3.873838402938417858e+00
3.900626212307543028e+00
3.923473324797669193e+00
4.057351756415300770e+00
4.058270496469049249e+00
4.269121258748782566e+00
