-4.637231241554786720e-01
8.908615382179618791e-02
8.383221869411983107e-01
1.709901767221523983e+00
1.831477953326256625e+00
2.777919441232668873e+00
2.802882750966730896e+00
3.056852786340968464e+00
3.453304452742301578e+00
3.469587999001646494e+00
3.804052950346260786e+00
3.920949101336702824e+00
4.002810661599085051e+00
4.516816048299617137e+00
4.587229002635282882e+00
4.635955281758171509e+00
4.690532316500124921e+00
4.860094670300796338e+00
4.947122503111884839e+00
5.028087984481814487e+00
