-8.154678539576707408e-01
-2.850765100884018466e-01
3.949477235582889989e-01
1.174657888826914132e+00
1.251591924956301227e+00
2.115282305778237060e+00
2.147664404299575835e+00
2.273536627209978178e+00
2.788395937881432474e+00
2.794046282419003546e+00
3.101564447235432453e+00
3.153618985612411052e+00
3.239000698478776030e+00
3.436039302672725171e+00
3.752634506934555247e+00
3.804432245553471148e+00
3.827107413177145645e+00
3.936951714189490303e+00
3.937259191821794957e+00
4.135141871593077667e+00
