-7.538312020560624660e-01
-2.180654626035902766e-01
4.707439175508625340e-01
1.247755661593146215e+00
1.340027530081897567e+00
2.207697262730107468e+00
2.225339890391296649e+00
2.384509640377473261e+00
2.877884273858398956e+00
2.883330279366418836e+00
3.200865361717660562e+00
3.272527027866999561e+00
3.324463483226281824e+00
3.585185319947413518e+00
3.875170521374457167e+00
3.903838043554969772e+00
3.926300275637913728e+00
4.055132895666247350e+00
4.056327014400267217e+00
4.265613718375789176e+00
