-7.080497890456172172e-01
-1.007422645780025050e-01
6.537510047774048871e-01
1.408422448909732339e+00
1.593664304941739829e+00
2.386249567585764453e+00
2.449242211231648980e+00
2.715135997043944371e+00
3.106418265347201668e+00
3.110831723689443606e+00
3.445433772053547727e+00
3.491545767826210067e+00
3.599280129523322103e+00
3.997519226144504501e+00
4.145691020183221553e+00
4.166517829979056842e+00
4.183722457228213898e+00
4.371573049386825005e+00
4.374853686628739524e+00
4.553109283055164269e+00
