-7.728963569916231791e-01
-2.212778395532950526e-01
4.891564973622735124e-01
1.269605693927587708e+00
1.380262329097604379e+00
2.251127837909734808e+00
2.253910781468221103e+00
2.452128637847636128e+00
2.924415417975978926e+00
2.929986574386930442e+00
3.255247422333923168e+00
3.344068889939080691e+00
3.363793508422531886e+00
3.677586293799322448e+00
3.946088636854256038e+00
3.962684490799802006e+00
3.984794951842559385e+00
4.128978874565291335e+00
4.130342087006283691e+00
4.347096636338392273e+00
