-5.361279177631104176e-01
-7.419098691981673710e-02
4.929069810606847568e-01
1.235141773282961708e+00
1.286907566109277923e+00
2.119869307038428019e+00
2.144188273065779526e+00
2.253543117766156456e+00
2.788136417957446156e+00
2.829087517631123205e+00
3.068657712984787622e+00
3.114742010762796554e+00
3.215987070312294804e+00
3.313134716994795781e+00
3.714156006222410156e+00
3.782890124183111880e+00
3.796395132109836368e+00
3.809983422578284262e+00
3.823764571847576121e+00
3.898806267717844776e+00
