-7.791271207461250015e-01
-2.441325399940978969e-01
4.440649964999465737e-01
1.221373977670737077e+00
1.308096593373193173e+00
2.173653765437848051e+00
2.195810592838824959e+00
2.348409264579458977e+00
2.846857007691141916e+00
2.852353977890743408e+00
3.167035678830870893e+00
3.234109631308456301e+00
3.291993142953288043e+00
3.537566806582617573e+00
3.835382131406731787e+00
3.870820833646575920e+00
3.892872651478683110e+00
4.016799269209514023e+00
4.017856002426924533e+00
4.224627320079889614e+00
