-6.413190111404674099e-01
-5.218370330430843751e-02
7.047863208947546809e-01
1.492247642711163280e+00
1.670977307813245716e+00
2.507759626919551010e+00
2.568034695148753599e+00
2.847886458041330116e+00
3.235755085536993647e+00
3.243178892550531600e+00
3.596216559686581604e+00
3.651609265486058575e+00
3.774021430638185848e+00
4.215207546245892445e+00
4.314698451285039482e+00
4.333222043790783573e+00
4.379013387592976869e+00
4.558029866215292714e+00
4.565375802307244157e+00
4.740983628089225022e+00
