-6.560594419299832225e-01
-8.415338751342460455e-02
6.527146783444095490e-01
1.439989152562930030e+00
1.591194032953580972e+00
2.448432981381301943e+00
2.481400502634187433e+00
2.730203969729473101e+00
3.155938057214825676e+00
3.163811237180198077e+00
3.509535265535077997e+00
3.586374686539784307e+00
3.649736076110912109e+00
4.057422647935936766e+00
4.225659578082741064e+00
4.247160340821437785e+00
4.258292135036072068e+00
4.439877644617581609e+00
4.444154835108292900e+00
4.652926124369514582e+00
