-8.346267493616323918e-01
-2.914225389686180279e-01
4.015000794897787273e-01
1.181350180428125896e+00
1.276037179268314503e+00
2.142983534140512347e+00
2.160367064250749536e+00
2.320023507592850365e+00
2.815610278848907910e+00
2.821174668701132759e+00
3.136758614142308943e+00
3.205360424326499924e+00
3.261064313832321204e+00
3.509412931132828817e+00
3.805225289150257595e+00
3.842515536074643023e+00
3.865045839353115298e+00
3.989587032177951187e+00
3.990381786075886339e+00
4.196334162508719601e+00
