-6.050943839455840134e-01
-9.692807274120696093e-02
5.642970980646850876e-01
1.356941691289762275e+00
1.419256852211105979e+00
2.301954090277547493e+00
2.337824124606129317e+00
2.449756677369123281e+00
2.970550965028849077e+00
2.971644466287500563e+00
3.299829282812254405e+00
3.370914458993240714e+00
3.441381209788403339e+00
3.664846280945312174e+00
3.986607612502325537e+00
4.005723710839106388e+00
4.024205285320647363e+00
4.146505432194942387e+00
4.153892118944213507e+00
4.372157145014966773e+00
