-5.675723789240976203e-01
-1.513906092556851490e-01
3.772086441263127199e-01
9.897390380298247692e-01
1.136943934552846258e+00
1.685455585631899567e+00
1.746552313526422040e+00
2.008421557176362171e+00
2.428633417025295671e+00
2.477272985953192119e+00
2.507601988016162409e+00
2.531856775106874125e+00
2.651107940986818789e+00
2.942728408185516287e+00
2.989644044425659786e+00
3.124635872961746941e+00
3.163314590000808835e+00
3.262510093178207171e+00
3.311246289990194214e+00
3.311426822204836640e+00
