-7.303864385366978240e-01
-2.033914335715962807e-01
4.738958548459777376e-01
1.250388083805773931e+00
1.326672445422445890e+00
2.190074181919953844e+00
2.220890187552868156e+00
2.347601133610623947e+00
2.860536315047284006e+00
2.866182056764955632e+00
3.173731408837738854e+00
3.228309557431202848e+00
3.308854459096437495e+00
3.516024264411498734e+00
3.828287317686772440e+00
3.872728723405998608e+00
3.895340550897344656e+00
4.009243295914529881e+00
4.009511191418823728e+00
4.208380491968455317e+00
