-7.421100587826003903e-01
-1.758162459254890564e-01
5.470579566617743694e-01
1.328871085715036315e+00
1.461374063729635964e+00
2.320207946847403946e+00
2.337868341917783255e+00
2.561116406796827505e+00
3.007346947441874363e+00
3.012102203612812445e+00
3.345563531535844959e+00
3.433354992377644521e+00
3.461041668871075672e+00
3.822998947999622033e+00
4.055316078355645004e+00
4.064792661723913625e+00
4.077468420554396289e+00
4.245594594075555506e+00
4.249087766434968216e+00
4.461098204376867216e+00
