-7.453872720188883250e-01
-2.099031009611280751e-01
4.753961994529163348e-01
1.256661139332209132e+00
1.344959097849823593e+00
2.216180998646450462e+00
2.236374795642404933e+00
2.392881601456792851e+00
2.887305919128266396e+00
2.892098429066209064e+00
3.210377321748637769e+00
3.282942390062089544e+00
3.334728051648198743e+00
3.594370257670561841e+00
3.889551372447385802e+00
3.916502375009258685e+00
3.939147325154408463e+00
4.067459827263519401e+00
4.070449271534926083e+00
4.281144135843533149e+00
