-7.943611959344707429e-01
-2.442354303093452472e-01
4.572556974999315571e-01
1.238000637345976429e+00
1.344219787733891280e+00
2.214078830151265720e+00
2.220720552788407076e+00
2.405268597380199935e+00
2.885208524210611358e+00
2.890581174116960028e+00
3.212092379981186241e+00
3.294600550514587667e+00
3.326645754092169227e+00
3.616755952374660410e+00
3.895374152292788494e+00
3.919049127933249110e+00
3.941116867470555007e+00
4.078299032054928830e+00
4.079766258229938103e+00
4.292325052341766423e+00
