-3.789923640418919604e-01
3.763829904208648713e-01
1.285697767177737205e+00
2.012624661586244201e+00
2.398679220902181441e+00
2.992535746347869008e+00
3.233761398312992696e+00
3.750160892799840440e+00
3.865607916993837989e+00
3.865881124070028818e+00
4.098393674730658631e+00
4.260834885507819081e+00
4.616829924209127967e+00
4.955562041789306704e+00
5.013926177551525143e+00
5.201480712710832677e+00
5.302925544014016168e+00
5.325241762324282035e+00
5.398300703784599364e+00
5.466031613418806501e+00
