-6.912655890946552972e-01
-1.567768752374831820e-01
5.277319149645336438e-01
1.306565712561223336e+00
1.399287972526508383e+00
2.269192537094113504e+00
2.285512767690306646e+00
2.449454422992403124e+00
2.946912475223143701e+00
2.950948595417230536e+00
3.272288416820629209e+00
3.346867732032478671e+00
3.389397794378055551e+00
3.671771567504492850e+00
3.956155506268260069e+00
3.978586571239702607e+00
4.001260097813883476e+00
4.132952259419653274e+00
4.133494550610066653e+00
4.350815298999805236e+00
