-7.093063312618141936e-01
-1.781557602071188740e-01
5.099919231497551664e-01
1.289603021651146264e+00
1.378213227544165420e+00
2.248404250578914798e+00
2.264671225765141571e+00
2.429898543925446575e+00
2.920898870467226516e+00
2.927826650442057144e+00
3.247152681710758770e+00
3.321557657951871079e+00
3.366552366824635101e+00
3.641406873910000286e+00
3.932182842042948323e+00
3.953477450007994776e+00
3.976342536828724405e+00
4.108381102342718805e+00
4.109986577282143116e+00
4.323733084974719532e+00
