-6.416206648677871272e-01
-7.314641989592018945e-02
6.664033973511322984e-01
1.463451402170903748e+00
1.615503772066176680e+00
2.482609063978088670e+00
2.517492620452685514e+00
2.773751573075969645e+00
3.189360948179228217e+00
3.196951258832314124e+00
3.548843081438690206e+00
3.629297265735203837e+00
3.701912977716119713e+00
4.120704615682825533e+00
4.270949789762426008e+00
4.290635562401575953e+00
4.312863793334372531e+00
4.490742316281739477e+00
4.497834250644473286e+00
4.696516665343096975e+00
