-4.006828532428130529e-01
2.419642679101059457e-01
1.066689884013143796e+00
1.881734790501155885e+00
2.120957575563920727e+00
2.909854070480804467e+00
3.033887280298671385e+00
3.407314005000401380e+00
3.673910609359410273e+00
3.706651291619763811e+00
4.036844949548012096e+00
4.036949760722038150e+00
4.374542839945746664e+00
4.786908160919779220e+00
4.885531918788942107e+00
5.022918266492396810e+00
5.069887019886294866e+00
5.230703417677901257e+00
5.267308492777829088e+00
5.285680471365154176e+00
