-5.763104525568678582e-01
-2.033747382483852562e-04
7.596938941487678676e-01
1.568075099549332663e+00
1.738767079482386180e+00
2.591750332693550263e+00
2.644652057792313826e+00
2.917838938231511747e+00
3.315574056201739950e+00
3.316447478714167119e+00
3.690414395454922669e+00
3.751134441146177778e+00
3.866556437733606799e+00
4.300851738032633875e+00
4.409473357799583937e+00
4.429373041065900907e+00
4.483363002964324551e+00
4.648368832243704674e+00
4.655677096795670877e+00
4.843572327066112848e+00
