-8.079082854092121124e-01
-2.728582633171754424e-01
4.128182342501531821e-01
1.189254849534336245e+00
1.275740212546224939e+00
2.140905635074886959e+00
2.165265543324494502e+00
2.309245692587865051e+00
2.812816231362376129e+00
2.818351216887094779e+00
3.130633963693981059e+00
3.193202930826373631e+00
3.259742929480125895e+00
3.490984046664380003e+00
3.793470766293467022e+00
3.833717331039224518e+00
3.856507807937305188e+00
3.976084348312724615e+00
3.976774715851206565e+00
4.180265250906813890e+00
