-6.670531513577770966e-01
-4.846475365138758207e-02
7.268188790899330343e-01
1.477700796495355462e+00
1.684902605881234194e+00
2.454544723771505232e+00
2.539779739086952759e+00
2.833906681313237641e+00
3.198311388929596433e+00
3.204802511055277137e+00
3.545161753372667590e+00
3.568878681513979245e+00
3.722349544954340672e+00
4.153604611668924917e+00
4.247341996041541279e+00
4.268284719131315796e+00
4.308480939920627861e+00
4.497232143991368503e+00
4.498634375981964695e+00
4.661393238330219901e+00
