-3.081967706370534188e-01
4.658132653700874926e-01
1.395878532418635132e+00
2.114442117877814553e+00
2.535288150230698534e+00
3.074296531683145872e+00
3.352865498583966541e+00
3.909046161455208335e+00
3.994680533386670618e+00
4.037487441768988106e+00
4.178182125913622258e+00
4.355005190050448505e+00
4.896393648832273016e+00
5.117276905377210028e+00
5.219456991064888030e+00
5.340672614675796126e+00
5.509230626862660074e+00
5.622951603818478361e+00
5.809644804383637506e+00
5.821284614209872643e+00
