-5.420274855766820110e-01
3.087561619105372301e-02
8.053305193205346768e-01
1.618357722992982417e+00
1.780311309430317124e+00
2.646945389642155533e+00
2.708510025237728769e+00
2.986907809066622121e+00
3.370511130562135804e+00
3.381453975830424952e+00
3.751902426018205006e+00
3.795614406989784584e+00
3.928987343799519749e+00
4.380335943703073553e+00
4.464657146002934951e+00
4.471779389340156285e+00
4.569175462183693526e+00
4.716530477274659461e+00
4.722005167549639282e+00
4.900225284392888625e+00
