-6.977681779958402331e-01
-1.363741103327811288e-01
5.933622978404855530e-01
1.379137466108204535e+00
1.512783394853613572e+00
2.372835333354032628e+00
2.393263836316236848e+00
2.625440507876646734e+00
3.066744261194799037e+00
3.073820621412323817e+00
3.412541865260209306e+00
3.498207382057898940e+00
3.531617490716143948e+00
3.908294878436208819e+00
4.126700376779353974e+00
4.141747687191127625e+00
4.149721323312405730e+00
4.321943766856293223e+00
4.323787605429515679e+00
4.538547186507457809e+00
