-8.259347714047180489e-01
-2.828219742659712210e-01
4.132311273278901353e-01
1.192640901237609796e+00
1.290705525461817160e+00
2.156496337775024585e+00
2.171586616197600961e+00
2.335594489602954127e+00
2.829291266010841355e+00
2.834557799855247140e+00
3.151767024595756084e+00
3.221706791795440949e+00
3.273770729254465550e+00
3.530326437772600912e+00
3.821754510994651355e+00
3.856811886478681117e+00
3.879771873282152228e+00
4.006514974549645558e+00
4.006632993798120879e+00
4.213839414253016002e+00
