-4.976018381865401352e-01
1.330236722020572415e-01
9.417469433645919707e-01
1.743646926872770564e+00
1.973614849295074691e+00
2.772720926425620291e+00
2.874313994804083450e+00
3.223882142022603148e+00
3.529297947952784398e+00
3.538812404586906268e+00
3.930870438057922911e+00
3.931110558753516671e+00
4.157723724868731097e+00
4.641363381234668850e+00
4.645302442934109877e+00
4.702548940208544082e+00
4.769195328471084849e+00
4.930480827147960099e+00
4.940711193065567386e+00
5.024414292914457292e+00
