-8.161605338536901399e-01
-2.792772465691086836e-01
4.040780391151201911e-01
1.180747184844221920e+00
1.268387253214314114e+00
2.132163439047872089e+00
2.156489832748775370e+00
2.299223920359509066e+00
2.804799317629658617e+00
2.810239948761591222e+00
3.121991781059477944e+00
3.182796656292339321e+00
3.252416312046989333e+00
3.477998463225958403e+00
3.782513213140191510e+00
3.824826161391683854e+00
3.847122291648702230e+00
3.965568920313671697e+00
3.966025549467303790e+00
4.169242564421438146e+00
