-7.013883453291782644e-01
-1.762856303353146359e-01
4.959120976609483478e-01
1.274964828929569194e+00
1.348902551854735066e+00
2.209144820633810014e+00
2.241269945719977841e+00
2.363868250432460627e+00
2.880569113715864660e+00
2.884334914625924284e+00
3.193194364668670460e+00
3.245100678466769750e+00
3.325454784004705289e+00
3.532331593971321126e+00
3.848881134059865872e+00
3.892346863556667813e+00
3.914451623291370197e+00
4.026965635866417870e+00
4.028848596193711273e+00
4.224677821788645815e+00
