-5.635369313317255546e-01
-8.785696715330004736e-02
5.312961948454528738e-01
1.327492458622941740e+00
1.329037538629137316e+00
2.195001581095567644e+00
2.291781079803172361e+00
2.310665028385102460e+00
2.880476590327361919e+00
2.888504449849477851e+00
3.212482563478971542e+00
3.238197393974303395e+00
3.400595260640812967e+00
3.461367831678671791e+00
3.840724644816020827e+00
3.912590209143019138e+00
3.929906157194437810e+00
3.982494648685815264e+00
3.994822008276031511e+00
4.154996312133931724e+00
