-4.514652635969014227e-01
1.968106459192995317e-01
1.018084361133333005e+00
1.815990524745046741e+00
2.062105614710759482e+00
2.842347246507671343e+00
2.962722966801266011e+00
3.342334988095331028e+00
3.610063583555529476e+00
3.619133661611385833e+00
3.982799660356334925e+00
4.025473737131022745e+00
4.253569349023024415e+00
4.713590471839125939e+00
4.771955044102128340e+00
4.834131625342337202e+00
4.865187483037715310e+00
5.073826856640721417e+00
5.074137057986234822e+00
5.153915479915781361e+00
