-5.363362848071915323e-01
4.097698118846437865e-02
8.184626059765491846e-01
1.627900501659837573e+00
1.795654457685998295e+00
2.654607464899640945e+00
2.720727044882494283e+00
3.003453329131048122e+00
3.381199077842325096e+00
3.392039673788303844e+00
3.762139367037491411e+00
3.801935751128155516e+00
3.942957015426429734e+00
4.397781250914249540e+00
4.473788580483585520e+00
4.480923060035252092e+00
4.580152496523339778e+00
4.728885432885306273e+00
4.734140482252598758e+00
4.909087471965960958e+00
