-8.014219268952729180e-01
-2.700411053956486285e-01
4.106827713549137115e-01
1.188923546942532994e+00
1.265760062975459732e+00
2.128615649897255935e+00
2.161149036233837251e+00
2.287850540036743041e+00
2.802319843664008658e+00
2.807712467991223093e+00
3.115742593130562454e+00
3.168385389973991551e+00
3.251650563201110344e+00
3.452055765104887541e+00
3.767462098083342426e+00
3.818052039518079255e+00
3.840667986594780814e+00
3.951216168905375525e+00
3.951429240347351879e+00
4.149882128600438591e+00
