-5.908004197270884106e-01
-1.060275083872284085e-01
5.087490248511130631e-01
1.285407965811316444e+00
1.287294319358124994e+00
2.139594425053871873e+00
2.192188875926888159e+00
2.232543195402854508e+00
2.807096106294522997e+00
2.813367077745624556e+00
3.067786854020312148e+00
3.079604308757893705e+00
3.240249646778181614e+00
3.275771884516473165e+00
3.662720727449482183e+00
3.769968901246102178e+00
3.787800342174762136e+00
3.843738247502187733e+00
3.844543335817888874e+00
4.000544922961637440e+00
