-7.790344615514186444e-01
-2.438893623948388267e-01
4.445287509915942792e-01
1.221614563060938963e+00
1.308832052714933525e+00
2.174180621461346163e+00
2.195857307671758463e+00
2.349459035178369959e+00
2.847114582653375692e+00
2.852604987112499657e+00
3.167378687641758006e+00
3.234966120964600123e+00
3.291830093867247342e+00
3.538980514222203055e+00
3.836031219048891217e+00
3.870942178731638705e+00
3.892970538330700947e+00
4.017373805534589337e+00
4.018440249177729129e+00
4.225330784736797796e+00
