-8.234092189595685340e-01
-2.886336619631038047e-01
3.967600568430498242e-01
1.173661383661965374e+00
1.257693724452110473e+00
2.121444684125890490e+00
2.147348114893247839e+00
2.288861973655002657e+00
2.795000542580964975e+00
2.800640730456507299e+00
3.111457198487187270e+00
3.171410266026214231e+00
3.241702222563617397e+00
3.464758417241682764e+00
3.770731893477204721e+00
3.815066603339801077e+00
3.837241546651057433e+00
3.954533154777891468e+00
3.955172873589617666e+00
4.157450659251480829e+00
