-8.365365893841953948e-01
-3.010544197168201208e-01
3.812694419466424733e-01
1.158901864168001339e+00
1.242732455371879041e+00
2.106468984915409237e+00
2.132619229450938292e+00
2.271424293328891508e+00
2.778847763984231278e+00
2.784371878908132203e+00
3.094556429205113091e+00
3.152995941840345040e+00
3.226409481096197851e+00
3.443189585057552904e+00
3.752258314314531162e+00
3.798353014819440432e+00
3.820857201499165967e+00
3.936282127193408087e+00
3.936868185846833512e+00
4.137757638716720976e+00
