-6.297191533520845041e-01
-1.130091205833423373e-01
5.580918516143356101e-01
1.346544362446479681e+00
1.422772703898203872e+00
2.295170036521085422e+00
2.332031587478354595e+00
2.474212035351456507e+00
2.970493476560932322e+00
2.974941767621885447e+00
3.303002096813202115e+00
3.382538909577647246e+00
3.438358604502127491e+00
3.691776288647020010e+00
3.996996251756627316e+00
4.008052562057741852e+00
4.029048119729395694e+00
4.161947705469515313e+00
4.173568908192351046e+00
4.394002448874971378e+00
