-8.166183240027748980e-01
-2.800477203782065772e-01
4.031098768318770453e-01
1.179939379755523987e+00
1.267302076135820244e+00
2.131181692420796026e+00
2.155706080797244795e+00
2.298081912042107433e+00
2.803832715377211571e+00
2.809272829937981442e+00
3.121022811799775809e+00
3.181712306737608742e+00
3.251591177053342108e+00
3.476840961440757383e+00
3.781544623278023209e+00
3.823855830174579751e+00
3.846151943311269861e+00
3.964496302898623981e+00
3.964957791598862968e+00
4.168165384813619312e+00
