-7.479125988593295915e-01
-1.926065582174487645e-01
5.229694374374957988e-01
1.304604803917754907e+00
1.425044680861901725e+00
2.294648716871961369e+00
2.300014753462164663e+00
2.508350972950211144e+00
2.970951197930844501e+00
2.976539668256009463e+00
3.306870349106247886e+00
3.403102084228521562e+00
3.412518448649279890e+00
3.754081547995156143e+00
4.009038298547238810e+00
4.014930258161257370e+00
4.037540721141340327e+00
4.191045342289726250e+00
4.192524104932090268e+00
4.413655968932289397e+00
