-5.577203773449355140e-01
1.062094977339711477e-01
9.299083418562759107e-01
1.679570010063457630e+00
1.961459510722761479e+00
2.673800246754353793e+00
2.815124437167355609e+00
3.195433329506499831e+00
3.468362526655596412e+00
3.472423316353228984e+00
3.806187085129181469e+00
3.837964930180191914e+00
4.098778219257610544e+00
4.534934152449750400e+00
4.554040895723915128e+00
4.612776365309628090e+00
4.678352985157516741e+00
4.858432037376246626e+00
4.867396935633905741e+00
4.978515344046968494e+00
