-8.393734424753347412e-01
-2.970825586380669847e-01
3.967120414454257116e-01
1.174630034394795075e+00
1.269013106153579429e+00
2.135232056869426742e+00
2.154117308149579912e+00
2.310598736439715140e+00
2.808042383621796034e+00
2.813444653133046813e+00
3.128420243170694448e+00
3.195604834676487371e+00
3.253380219088285230e+00
3.498638619115808979e+00
3.794781793214497156e+00
3.833247990085510537e+00
3.856166397643391974e+00
3.979721146082738414e+00
3.980166438661399297e+00
4.185315473878290504e+00
