-8.014157975885609630e-01
-2.479967812250833958e-01
4.563412605893972795e-01
1.236150862427166430e+00
1.346350521755084628e+00
2.216063383209984750e+00
2.218473297798482236e+00
2.410957319571025437e+00
2.886884103831107495e+00
2.892152776541479398e+00
3.213910640210087877e+00
3.300444072552636499e+00
3.323928941652411595e+00
3.626763385334925260e+00
3.901351021606387803e+00
3.920446616401022766e+00
3.942232256453280570e+00
4.084145340715622297e+00
4.085621238333260408e+00
4.298487429583474295e+00
