-7.400258137240598444e-01
-1.439248725073412061e-01
5.965885216683091130e-01
1.352709879642134183e+00
1.522766616675653495e+00
2.329536773402651306e+00
2.376376059844915289e+00
2.621089675361872651e+00
3.037115614117283258e+00
3.042036427808852750e+00
3.371044976689518080e+00
3.433779159320692997e+00
3.504742318615171826e+00
3.880955430024187081e+00
4.069697477078079828e+00
4.088664829361732700e+00
4.089991762764839223e+00
4.276724701887360425e+00
4.277523095801370800e+00
4.470186208689483465e+00
