-8.440853749343659729e-01
-2.997039438923820853e-01
3.958639570191735402e-01
1.173067563751828857e+00
1.269956043222919106e+00
2.135961852531181648e+00
2.152222850680118427e+00
2.313587584474589676e+00
2.808528068955638446e+00
2.813865289266686887e+00
3.128949793797801249e+00
3.198667017350089736e+00
3.251005827201879583e+00
3.504051945084938779e+00
3.797729498910484836e+00
3.833457518339855596e+00
3.856208217097446322e+00
3.982614239008398727e+00
3.983060356491478160e+00
4.188357784587424248e+00
