-6.021614643434460845e-01
-2.654284900678334225e-01
1.496575291069746072e-01
7.774217082047485405e-01
1.013391186724398096e+00
1.570385106446117618e+00
1.713641856413751441e+00
1.975509010285598777e+00
2.397948670384806746e+00
2.444026608384866961e+00
2.447950371182862739e+00
2.519513498237259341e+00
2.638070124085743373e+00
2.889485521013064329e+00
3.127618637648900801e+00
3.224388054488784405e+00
3.229122387700925856e+00
3.246055676322043837e+00
3.267302089033123025e+00
3.267593864604805276e+00
