-8.196118092964752577e-01
-2.747419613006059080e-01
4.240118824527598917e-01
1.202849354427598882e+00
1.301095871327561326e+00
2.168101500246848445e+00
2.182551274985598866e+00
2.350974609325930942e+00
2.841635227465303615e+00
2.847315668870578520e+00
3.164627333011594601e+00
3.237598423198505770e+00
3.284983496276254300e+00
3.548286808152624872e+00
3.837087594947661273e+00
3.870346170820994303e+00
3.892546595408930443e+00
4.021535397689149249e+00
4.022398202971089631e+00
4.230828707783075515e+00
