-7.222504304590984248e-01
-1.528738906126818620e-01
5.760870000331124174e-01
1.359494777491818240e+00
1.501933765712237800e+00
2.348317902619783126e+00
2.375541036813956453e+00
2.607498027962719789e+00
3.046924326449698128e+00
3.050164292748377193e+00
3.390086659704138583e+00
3.466521523085248191e+00
3.511837706032565620e+00
3.891248866287241981e+00
4.100068981891126896e+00
4.118884056155366125e+00
4.121535425185356871e+00
4.300091849767341046e+00
4.300774202104548749e+00
4.509991014299885137e+00
