-7.885481888406502549e-01
-2.542987626038666349e-01
4.313081408108700998e-01
1.209907901302358368e+00
1.298798009043821367e+00
2.162786949640576495e+00
2.183637883430492366e+00
2.333108286642527673e+00
2.834289828369946918e+00
2.839364439510973170e+00
3.154170463581976946e+00
3.218425499922886956e+00
3.280632890822744230e+00
3.521600389954983257e+00
3.820420051837572828e+00
3.857444790781300981e+00
3.879965712640114361e+00
4.002387197680945974e+00
4.002703138230572222e+00
4.208043648253806168e+00
