-7.432004823640454561e-01
-2.134008751036162721e-01
4.620742749630153412e-01
1.239257106566583388e+00
1.318140236951876432e+00
2.180221039923708304e+00
2.210940365721398848e+00
2.338367461334200925e+00
2.851882084924000083e+00
2.857299547944421647e+00
3.164739793732223916e+00
3.219684988616791088e+00
3.299189382098120404e+00
3.507020352084509796e+00
3.819081449582881760e+00
3.864750648985136650e+00
3.886807568360381993e+00
4.000336248611347401e+00
4.000429483163316036e+00
4.200054660987007082e+00
