-6.688540404884406598e-01
-1.483373629071138566e-01
5.173367354775564309e-01
1.292864474797397634e+00
1.358449677268254163e+00
2.217967372736893594e+00
2.257470403023262406e+00
2.363711711337828092e+00
2.894446411236913264e+00
2.898617140859869323e+00
3.200656355535556941e+00
3.244323036656624026e+00
3.337688649735582658e+00
3.520797471455125560e+00
3.846153820697736592e+00
3.897686237199195602e+00
3.920735113759974411e+00
4.024568175945432813e+00
4.024842405290655734e+00
4.220482679072119936e+00
