-5.326880751765088462e-01
7.863527817903559480e-02
8.867172311035460552e-01
1.682836639440324689e+00
1.893766032978305702e+00
2.705008681296192208e+00
2.812003629494427059e+00
3.131574400239117040e+00
3.464837987486191651e+00
3.474311822957645290e+00
3.843357668766543611e+00
3.844738456818163286e+00
4.065850454113956403e+00
4.549721785941869712e+00
4.555625247669354394e+00
4.561801179128792683e+00
4.690500664942078402e+00
4.844396299895151969e+00
4.848501939282698459e+00
4.985497840310756601e+00
