-7.541709974411787698e-01
-1.920018312321190024e-01
5.294859143486974062e-01
1.308343528302430059e+00
1.437374759685553727e+00
2.297243320621419116e+00
2.311103346586605767e+00
2.527219302450248506e+00
2.980943512247904437e+00
2.986378622023039497e+00
3.317284032162206131e+00
3.409872330517828232e+00
3.425802762476450880e+00
3.780539016212060233e+00
4.024281536976559437e+00
4.026524000348217669e+00
4.046475391780404607e+00
4.208831842044673976e+00
4.210279322063797736e+00
4.425565825291414512e+00
