-6.034113706783728048e-01
-9.280112413989627385e-02
5.720105957784653583e-01
1.364096909133195368e+00
1.431316231205073564e+00
2.313628018102576789e+00
2.345172852347445769e+00
2.466816672515733444e+00
2.981065469148802549e+00
2.982002383291842307e+00
3.311855874344246331e+00
3.387660113778565574e+00
3.449087391048465179e+00
3.687072407068285429e+00
4.002123705685221466e+00
4.016902330776929375e+00
4.035299187520763553e+00
4.161812242457983757e+00
4.169293042614981459e+00
4.388982524885875591e+00
