-4.417949418912883175e-01
1.238267524037439671e-01
8.810543834113389039e-01
1.737191241504746131e+00
1.877035706967006945e+00
2.796579825309990497e+00
2.834555529342438263e+00
3.102086792020912753e+00
3.481423602125673256e+00
3.497252675133267985e+00
3.830038576332583489e+00
3.936160601601045528e+00
4.038079294165100919e+00
4.549828967930579893e+00
4.620686344175283011e+00
4.658542851737124124e+00
4.715382259800676934e+00
4.891056743518447547e+00
4.976891880273484503e+00
5.050640033956980801e+00
