-8.419059457664843649e-01
-3.073026749771088362e-01
3.763719871640205383e-01
1.152708274865290150e+00
1.236492893483955413e+00
2.100099373361445032e+00
2.127529165911255404e+00
2.263984523277031258e+00
2.772836219941382296e+00
2.778204459420521744e+00
3.088236645140568726e+00
3.145756373283802532e+00
3.220561874666600488e+00
3.435861290490720421e+00
3.744697672693291679e+00
3.791394936735741794e+00
3.814287694141967222e+00
3.929175273486180231e+00
3.929455321122077294e+00
4.129943454478052445e+00
