-6.067760977664420352e-01
-3.381134461551482673e-02
7.163458918956848720e-01
1.518204271930130744e+00
1.682125061856709181e+00
2.539658917607994226e+00
2.575315352601478480e+00
2.854987726011472660e+00
3.252771110274807143e+00
3.256299148794255416e+00
3.622498502081157312e+00
3.691387105903913834e+00
3.789157831381317010e+00
4.212924491518720060e+00
4.340693595791549342e+00
4.362571664117240289e+00
4.405177170687124999e+00
4.574601607993599828e+00
4.586174541361401680e+00
4.786180516830199849e+00
