-8.390221844601910561e-01
-2.966605001711286604e-01
3.971785887551959604e-01
1.175017948044114746e+00
1.269497752378811128e+00
2.135645089321769774e+00
2.154469137312844396e+00
2.311074695040588267e+00
2.808412651953403838e+00
2.813816258567385375e+00
3.128799006692133844e+00
3.196019125374732539e+00
3.253723969755810685e+00
3.499083633330883458e+00
3.795120583454263397e+00
3.833599416815559380e+00
3.856519679146003909e+00
3.980088373078615405e+00
3.980533175999880768e+00
4.185696462955093011e+00
