-8.267701912409393117e-01
-2.624565313890343532e-01
4.482582607597578317e-01
1.212103188358014449e+00
1.334346017349162139e+00
2.184972870527417399e+00
2.190396660313126631e+00
2.388050614506937563e+00
2.856466805329546332e+00
2.861623383927508257e+00
3.178045707449200563e+00
3.265233187601552345e+00
3.280783546899328940e+00
3.587849145085783675e+00
3.855170002338127233e+00
3.877535440900828689e+00
3.899629806430311874e+00
4.043174209480639547e+00
4.043565895466599613e+00
4.251320807845331728e+00
