-8.260141512873815373e-01
-2.827002846897812560e-01
4.135132299561519176e-01
1.192816178241628222e+00
1.291131835692794994e+00
2.156856095229159109e+00
2.171712297436897643e+00
2.336164647174882703e+00
2.829603429709095508e+00
2.834866212797351182e+00
3.152088631803053431e+00
3.222237899026367813e+00
3.273857291031163186e+00
3.531052297839778475e+00
3.822223700932227075e+00
3.857091118814423680e+00
3.880040251839091070e+00
4.007000930214417167e+00
4.007118595225620084e+00
4.214346441542147659e+00
