-8.070581824104010593e-01
-2.716283872359781526e-01
4.144963932412792929e-01
1.190754804061725736e+00
1.277903539797989652e+00
2.142923092080309289e+00
2.166752221863134764e+00
2.311909689113235800e+00
2.814635858339897823e+00
2.820171178678720025e+00
3.132653390330233378e+00
3.195752311421529157e+00
3.261306179272651207e+00
3.494169993351533776e+00
3.795787074635882163e+00
3.835637550084356917e+00
3.858421748420369113e+00
3.978435387532954337e+00
3.979135058143583592e+00
4.182837065436615376e+00
