-6.108688073862822421e-01
-1.134053739092450996e-01
5.243911715704143717e-01
1.301953630925936523e+00
1.330018382281082268e+00
2.179749907961081590e+00
2.259593074515464650e+00
2.289570795736040054e+00
2.856857361480479085e+00
2.860689819046910998e+00
3.146234033400332919e+00
3.164049418267495639e+00
3.321795473691054212e+00
3.376345227719639297e+00
3.759265961704954861e+00
3.837318244861307903e+00
3.858358948323939330e+00
3.937570658631102560e+00
3.945285843505871526e+00
4.125738761480420180e+00
