-7.556658150533621665e-01
-2.208949700789162307e-01
4.667698183920947486e-01
1.244201632413933112e+00
1.334831004681291233e+00
2.202830646123402403e+00
2.221787056817447592e+00
2.378051532978133764e+00
2.873443761983253353e+00
2.878888360921337153e+00
3.195963056143227732e+00
3.266322765482982504e+00
3.320694050495148986e+00
3.577427422808796109e+00
3.869518663556846150e+00
3.899129055695084389e+00
3.921608545686467551e+00
4.049339623366904561e+00
4.050513868306552467e+00
4.259324814168394369e+00
