-5.091836380180438937e-01
7.430028924738962814e-02
8.441307891679343811e-01
1.664519745378356674e+00
1.837041680534753141e+00
2.702017395710754499e+00
2.748706903591425998e+00
3.046457692195076561e+00
3.417942555135141447e+00
3.424370595161065012e+00
3.819138213848930263e+00
3.874958836434643672e+00
3.996169674440807285e+00
4.474764132486484414e+00
4.536406875960608431e+00
4.545924997720931060e+00
4.614847205093042248e+00
4.767353113888248117e+00
4.772620779677367864e+00
4.920098422525427395e+00
