-6.933466962118473020e-01
-1.605998542740962876e-01
5.228149461531756970e-01
1.302303063299405039e+00
1.393720801096606010e+00
2.263968822886909038e+00
2.281145347942128865e+00
2.443560950568553380e+00
2.941551413433899143e+00
2.945579600608652981e+00
3.266915862330733944e+00
3.341085406934780622e+00
3.384541026452552615e+00
3.665790265995383379e+00
3.950805364975167322e+00
3.972994371936692914e+00
3.995654522085260396e+00
4.127000079942718003e+00
4.127566952214692719e+00
4.344867799383791862e+00
