-7.526323701076762518e-01
-1.639733430729393149e-01
5.753376471875526477e-01
1.332649158875938156e+00
1.490586732485098764e+00
2.305903956421389012e+00
2.344472663076885510e+00
2.584094068171907566e+00
3.007117086903235759e+00
3.012288289470234304e+00
3.339298934321050183e+00
3.407083760930618155e+00
3.465724814890563721e+00
3.830755798388054245e+00
4.038296147449727869e+00
4.049960234829995898e+00
4.059023328354669502e+00
4.238163554635320907e+00
4.239394315263780300e+00
4.436758116968121612e+00
