-7.258384669830775238e-01
-1.922276957839130773e-01
4.925400749234540854e-01
1.274287303600431187e+00
1.365815414725148003e+00
2.232455855903026531e+00
2.248651615662311087e+00
2.410263232921352028e+00
2.904369205610237259e+00
2.907850497442268534e+00
3.229797773202335520e+00
3.302175677939885645e+00
3.347923831908701686e+00
3.621741874596409616e+00
3.911343653140647803e+00
3.934742852312410832e+00
3.956589600961706310e+00
4.088418719045876060e+00
4.089306394893355900e+00
4.300033089177304646e+00
