-8.120276991685386747e-01
-2.641276284848572686e-01
4.338875149405794218e-01
1.212656810945190955e+00
1.315995342811220326e+00
2.183304652193328366e+00
2.194922373098961543e+00
2.367424443946219981e+00
2.855832939079846255e+00
2.861317934912221972e+00
3.180220210349943954e+00
3.255427424272056669e+00
3.299660862619930413e+00
3.569876344001386315e+00
3.855306220808415674e+00
3.885311797799658962e+00
3.907640394012560137e+00
4.039086003038391937e+00
4.039759436753229238e+00
4.249725801128079183e+00
