-4.713541525827622536e-01
1.176022062198001095e-01
8.858438414878264666e-01
1.709386270377564188e+00
1.881687894703048869e+00
2.749921204063923597e+00
2.803832786137689936e+00
3.104428791729645809e+00
3.457864213192920033e+00
3.473130675035520198e+00
3.876718837705482201e+00
3.907707046689921526e+00
4.034050008328279091e+00
4.523391152092187895e+00
4.569032121606710461e+00
4.620889439379908481e+00
4.651700379216464398e+00
4.824977147267873079e+00
4.828745555236679365e+00
4.993342522001256611e+00
