-7.836930496741842944e-01
-2.534878013029810973e-01
4.259227850525348913e-01
1.203713915248954436e+00
1.281571513300150400e+00
2.145437041475815931e+00
2.176674062749953009e+00
2.304171365762158530e+00
2.817692534768866608e+00
2.823390401030337671e+00
3.131232426236238098e+00
3.185062542110244976e+00
3.267037316745700082e+00
3.471141152251220774e+00
3.784451193718268769e+00
3.832657077819021652e+00
3.855465517321135849e+00
3.967403969654696994e+00
3.967724048463423969e+00
4.166546592270606197e+00
