-7.611152207173290662e-01
-2.048303732171916636e-01
5.044293272039794829e-01
1.285288424547616160e+00
1.404482490526788752e+00
2.274003454727790086e+00
2.276205975898847100e+00
2.479348720431516995e+00
2.948209985219364171e+00
2.953595560547910281e+00
3.280765974552195985e+00
3.373699496558401734e+00
3.387724692907795543e+00
3.715700062035466544e+00
3.976598191668017535e+00
3.988366585026597022e+00
4.010103758191689849e+00
4.158889536553033395e+00
4.159878459749961621e+00
4.379364567681477638e+00
