-4.316768612232522173e-01
2.957171000643370462e-01
1.180455381803767523e+00
1.921652081161255410e+00
2.273745790177201798e+00
2.912681699604092955e+00
3.123140715267936685e+00
3.577837859988676428e+00
3.748311880565097454e+00
3.760333292664483906e+00
4.036022443206832122e+00
4.139077446075702937e+00
4.464116985982855113e+00
4.834043204738009081e+00
4.834204038250447866e+00
5.034791467380841823e+00
5.122436542080038180e+00
5.216337497425001857e+00
5.225089688791570097e+00
5.233200693129390402e+00
