-8.096609160129446536e-01
-2.778329104694421403e-01
4.023300092885619961e-01
1.181170951727835927e+00
1.259678399408585392e+00
2.122315167638589628e+00
2.154171156704251189e+00
2.280171295336913317e+00
2.795506487018428743e+00
2.800863302320067305e+00
3.109007169812684879e+00
3.160651800448249560e+00
3.245770479712518863e+00
3.444502493148320355e+00
3.760230751453491393e+00
3.811152359681727830e+00
3.834100984655378852e+00
3.944157857687969226e+00
3.944229837092279922e+00
4.142453423519327771e+00
