-7.678740928859042469e-01
-2.297288612335250946e-01
4.549182316823134897e-01
1.232194639957015170e+00
1.324754831106474739e+00
2.190558446851355257e+00
2.210030518725034199e+00
2.364414090898208087e+00
2.862557725056831259e+00
2.867871693988490733e+00
3.183198761207677308e+00
3.251996188866542070e+00
3.308360590592201333e+00
3.559812899855387514e+00
3.853778218845036463e+00
3.886806936552602565e+00
3.908427918800953194e+00
4.034428661818310502e+00
4.035146138905474800e+00
4.243525336018137750e+00
