-5.506620979352021550e-01
-6.483542615558235411e-02
5.674731568099105061e-01
1.361553859765649577e+00
1.380214050181422181e+00
2.246110517533963957e+00
2.331214842248300556e+00
2.374367773165886319e+00
2.926638728336484974e+00
2.933696739360044603e+00
3.264480324565880665e+00
3.301939505340442338e+00
3.440624630579833365e+00
3.543319420103216544e+00
3.900485423355888770e+00
3.962335837912576153e+00
3.979263223586201548e+00
4.043645351333339022e+00
4.055154093945333216e+00
4.222777691956196122e+00
