-7.967502387255080976e-01
-2.210484343959251419e-01
4.985146356484619901e-01
1.259696069610072300e+00
1.398372556112008169e+00
2.233629488095175475e+00
2.252905471541453153e+00
2.465489466820145026e+00
2.917117862409213558e+00
2.922285349181038328e+00
3.242832211144559551e+00
3.331366799051465932e+00
3.346304262784542516e+00
3.683284039456339087e+00
3.932090812930255197e+00
3.941345529921818525e+00
3.962631984650215600e+00
4.119772933241620194e+00
4.120356763494783081e+00
4.332298940105829388e+00
