-5.707453789404155486e-01
-1.165499889407612955e-01
4.726703361671127368e-01
1.180968476778957665e+00
1.248967934597288831e+00
2.024354261619578210e+00
2.048714669570472324e+00
2.156147418268147931e+00
2.702491309987635759e+00
2.716567371465458791e+00
2.877692128939997929e+00
2.942055315522736691e+00
2.982255709633619745e+00
3.168508537087404875e+00
3.509415134734467756e+00
3.624109602600356084e+00
3.633316948146955383e+00
3.684978656536316066e+00
3.684999521351727481e+00
3.784506975375450111e+00
