-8.027232023814576678e-01
-2.554006362588552292e-01
4.465328318365209270e-01
1.225185351260734024e+00
1.329035416139959125e+00
2.198040652459894773e+00
2.208363132853264688e+00
2.385241651576507138e+00
2.869888392749999184e+00
2.875488467816467164e+00
3.195598359128780430e+00
3.273980750727787381e+00
3.312635712900373619e+00
3.593039473424141761e+00
3.874414291491120821e+00
3.901228076243569376e+00
3.924078205982368672e+00
4.057982735172117827e+00
4.058900190429994836e+00
4.269771356204728363e+00
