-7.337696888571372256e-01
-1.741932684935818543e-01
5.428036177099784254e-01
1.326819347848868347e+00
1.450930027667709510e+00
2.318980317928435397e+00
2.328108983168021950e+00
2.543570754972279246e+00
2.998371964420584845e+00
3.003295494670965127e+00
3.336129301991604734e+00
3.431940936334285652e+00
3.444412591339641949e+00
3.796895860844415438e+00
4.046717098071894725e+00
4.047460585411499778e+00
4.069333378017290670e+00
4.228137570587023220e+00
4.231613088032645464e+00
4.451895626219084079e+00
