-6.508231267582686996e-01
-1.334638865369015548e-01
5.248796047644646023e-01
1.299496132672175008e+00
1.358338218961989696e+00
2.221566227785388037e+00
2.266088682636336671e+00
2.358947762216303090e+00
2.894398929254975883e+00
2.901590291838147095e+00
3.197723243020845985e+00
3.238160029208529522e+00
3.343943885316321030e+00
3.508920284250507393e+00
3.838726800232961978e+00
3.893778792511966458e+00
3.914596497068487224e+00
4.019561457157351470e+00
4.020689197385308944e+00
4.210020670843277912e+00
