-6.212229934874358150e-01
2.066895749953800987e-02
8.145465109967062745e-01
1.560221765714231879e+00
1.801834436717854260e+00
2.548364297388161503e+00
2.661803454928076462e+00
2.987649246375895018e+00
3.319226059327093026e+00
3.326419080065988965e+00
3.672600837493746440e+00
3.673330028941563796e+00
3.887230927801738289e+00
4.361138564921930083e+00
4.375749155620951569e+00
4.394152605940234935e+00
4.467390337324104621e+00
4.657557534559146006e+00
4.661912624569595209e+00
4.804225977047963170e+00
