-7.089231195118372852e-01
-1.772113957522378769e-01
5.117458876811724622e-01
1.291024402831226325e+00
1.380958423147603753e+00
2.250872855260695360e+00
2.265926530816614104e+00
2.433796223078843468e+00
2.922893596727135446e+00
2.929808023439818498e+00
3.249484677800865029e+00
3.325220052186523390e+00
3.367666892750094121e+00
3.646619075556372991e+00
3.935452939261722349e+00
3.955487131402151135e+00
3.978304610006489384e+00
4.111587953561411268e+00
4.113209758828816121e+00
4.327338803728707717e+00
