-7.765460706032172311e-01
-1.942717803831328638e-01
5.321086133226344828e-01
1.292657247086026473e+00
1.439715994336438598e+00
2.265719084833108354e+00
2.294874989271193044e+00
2.519147596685797907e+00
2.956574045289016794e+00
2.961587620131467702e+00
3.284832541150535690e+00
3.364139744702697499e+00
3.399556031195970718e+00
3.748821669440076221e+00
3.984299639243545244e+00
3.984811814243585104e+00
4.005149615884874947e+00
4.172272751988202799e+00
4.173644524613337126e+00
4.379271223198884400e+00
