-6.851109127537711174e-01
-1.042181114407867426e-01
6.384561362856402411e-01
1.419555965620929783e+00
1.580799479987035738e+00
2.417702744910002366e+00
2.459908678993087960e+00
2.713699653686489910e+00
3.136832443360162870e+00
3.140834987850212201e+00
3.485596689412886917e+00
3.547543885627419513e+00
3.627147981170310231e+00
4.034451230471404415e+00
4.198998968596242776e+00
4.221292140445711993e+00
4.234320034583561210e+00
4.416377680029654584e+00
4.416530992668413091e+00
4.616200983697581250e+00
