-7.889837073962553404e-01
-2.546978859463706613e-01
4.307641868253995199e-01
1.209314227773575112e+00
1.298004942433180986e+00
2.161985856379033066e+00
2.182986481835541781e+00
2.332002622533764224e+00
2.833607006905367598e+00
2.838679122764006024e+00
3.153317686868831515e+00
3.217342163254215848e+00
3.279901706551754614e+00
3.520145816211879719e+00
3.819405933798407204e+00
3.856639383917354280e+00
3.879157409854087746e+00
4.001424645604856778e+00
4.001727971924992744e+00
4.206904584327276098e+00
