-8.376573154964717105e-01
-3.027033699472667649e-01
3.793048202933277935e-01
1.157589627255219966e+00
1.240617819785256870e+00
2.104913258008309640e+00
2.131743235251633450e+00
2.269287632399937138e+00
2.777678863174514845e+00
2.783208051332621835e+00
3.093412097005057149e+00
3.151328152787755243e+00
3.225892568952986039e+00
3.441112385495216586e+00
3.751099366359994747e+00
3.797544336863211356e+00
3.820070270870928653e+00
3.935037082177586854e+00
3.935625521524343640e+00
4.136472387428511865e+00
