-1.118673639906880624e+00
-6.020739333231759360e-01
-2.740653172709883734e-01
-4.865764296268082489e-02
3.059487434812666606e-01
4.288640846571496468e-01
7.514586509628315980e-01
8.245278636383019943e-01
9.628132947258762897e-01
9.716005108255529876e-01
1.309023436992113432e+00
1.333002418118653054e+00
1.452477472896831046e+00
1.573490410223378433e+00
1.610192447037796626e+00
1.658419602508750756e+00
1.809564597645355377e+00
1.852214094453756843e+00
1.852214094453756843e+00
1.898496019181465044e+00
