-7.268265618131408701e-01
-1.931967009377331124e-01
4.912102075595612405e-01
1.273152064622991020e+00
1.363935102489449491e+00
2.230852102626158739e+00
2.247687074096575088e+00
2.407720194081775844e+00
2.903276428000935994e+00
2.906755518804857275e+00
3.228380386948629166e+00
3.299970909967669286e+00
3.347104233258505701e+00
3.618484237854318053e+00
3.909544872613878397e+00
3.933668829345151607e+00
3.955528365616373776e+00
4.086709220350712712e+00
4.087628693520855450e+00
4.297978142202737217e+00
