-6.699777213377728913e-01
-1.363046945737096394e-01
5.468925086154285964e-01
1.325335661752887972e+00
1.419070798343227580e+00
2.294882507235797675e+00
2.309021612150900182e+00
2.478322835997914808e+00
2.966787299967563740e+00
2.974212416823320382e+00
3.295336459011195984e+00
3.377880583080468568e+00
3.414741156417676393e+00
3.711335165311538731e+00
3.985537368904488176e+00
4.000638314970046849e+00
4.021276045471267935e+00
4.162203594280754260e+00
4.165967554885128266e+00
4.382196662322712655e+00
