-8.294349666030029766e-01
-2.955554527434287593e-01
3.882886460924055427e-01
1.165918907921877690e+00
1.251016185378830414e+00
2.113834954107005615e+00
2.139376138111401815e+00
2.278854125579528045e+00
2.786659983146819286e+00
2.791896427523170132e+00
3.103136816302139778e+00
3.161248884636734147e+00
3.234154955971462186e+00
3.454034055816009641e+00
3.761156958666106220e+00
3.806273971218615770e+00
3.829214601275452878e+00
3.945240526336419862e+00
3.945326840024790727e+00
4.146813277264300268e+00
