-6.462370379063031578e-01
-1.502615857043565484e-02
7.670618975130309991e-01
1.515397595559534238e+00
1.741846340851225250e+00
2.496910037527868553e+00
2.595382280418562004e+00
2.902851040566929441e+00
3.257936575371331855e+00
3.261581516925161850e+00
3.606770656041135226e+00
3.616348905433824257e+00
3.797818750943861232e+00
4.250492637113438832e+00
4.308992709383801412e+00
4.329781600260503183e+00
4.381287195998083916e+00
4.571205044664566230e+00
4.571606081924073806e+00
4.727005199611994612e+00
