-8.248605687549570575e-01
-2.769666310050524771e-01
4.243471516529098153e-01
1.202050208121363539e+00
1.303979458927642554e+00
2.170540397899458185e+00
2.181239553021441679e+00
2.356722847092896700e+00
2.843656419681792613e+00
2.849255626155354548e+00
3.166750929703994188e+00
3.243303397313866299e+00
3.283062593822251074e+00
3.557379277888685465e+00
3.842485356006363872e+00
3.871989936000318266e+00
3.893957710904942360e+00
4.026924975216388702e+00
4.027795888825494330e+00
4.236493718883139081e+00
