-6.315031456576889468e-01
-1.224779043388934952e-01
5.271915537825861975e-01
1.302788038516837332e+00
1.349318133505903461e+00
2.212011096239848484e+00
2.267342551768138037e+00
2.337693469800569801e+00
2.881923480321916031e+00
2.888374813828704646e+00
3.178292646847694414e+00
3.212245441198433582e+00
3.339256905036450007e+00
3.465595244884639214e+00
3.809549281591785075e+00
3.874714965520297483e+00
3.895410704642131350e+00
3.990743059125861691e+00
3.991438229347750166e+00
4.178284646879887987e+00
