-7.639182382008584682e-01
-1.804691424877091777e-01
5.518565564489108510e-01
1.311787434398866026e+00
1.465720453175890725e+00
2.284012885545962490e+00
2.318774595831200713e+00
2.548231451590254437e+00
2.980353897124587093e+00
2.985104346942534903e+00
3.311247522080520866e+00
3.385288579633197514e+00
3.429633897118037567e+00
3.788852967576531228e+00
4.009808159444219200e+00
4.015541121192654828e+00
4.031089457446796587e+00
4.203736672530794749e+00
4.204189970158040524e+00
4.405561382114683511e+00
