-5.919390677822775615e-01
6.067136928209038160e-02
8.674861794602293230e-01
1.613670155626323321e+00
1.874492806655553068e+00
2.607597288342958564e+00
2.739614039519210564e+00
3.087099094505219909e+00
3.389019829947301332e+00
3.396051145591854947e+00
3.737283891044626216e+00
3.748254250111131114e+00
3.988984650930433418e+00
4.451534481258931919e+00
4.468276746606534289e+00
4.486807501338262227e+00
4.563324672090402601e+00
4.751531644611532101e+00
4.758969738890300505e+00
4.877261886328597029e+00
