-4.750946581264656743e-01
2.195977757920104523e-01
1.094076774817438036e+00
1.838253131619410397e+00
2.156277419327011557e+00
2.831334919361609082e+00
3.029122543493031117e+00
3.436691060488556104e+00
3.658411834972071119e+00
3.665262329321592460e+00
3.944589433363205444e+00
4.029615141295948888e+00
4.334323527388164621e+00
4.718170352949869084e+00
4.723994191583813063e+00
4.913201797697922757e+00
4.914161157362684662e+00
5.092069555774855871e+00
5.092386924352126698e+00
5.149370777549904687e+00
