-4.820873240317098407e-01
1.049201140988884617e-01
8.731385246356069274e-01
1.702309754077077741e+00
1.871047240170526038e+00
2.746524254730843495e+00
2.798837526280749444e+00
3.099031667112313926e+00
3.454587168063000036e+00
3.469881646102066952e+00
3.875472800832596931e+00
3.905250282482313651e+00
4.032897626272529124e+00
4.524465905651112507e+00
4.568999346030324205e+00
4.620838270429317163e+00
4.655084838412591353e+00
4.828079682971576858e+00
4.831566894958655212e+00
4.995539200415294090e+00
