-7.832070687036321033e-01
-2.339820487650285941e-01
4.716309263203584123e-01
1.253093465933488915e+00
1.363411664413433755e+00
2.232214339663187275e+00
2.235650633276236476e+00
2.426037443896348123e+00
2.903767151536158053e+00
2.908890100356074981e+00
3.233282697630784241e+00
3.317194088027463295e+00
3.344797038644173881e+00
3.647188646686117863e+00
3.919647808335867012e+00
3.939771824305353221e+00
3.962325562410114799e+00
4.102870554430410266e+00
4.103462677569041261e+00
4.317795768783980748e+00
