-8.309401738515589386e-01
-2.850207474839407951e-01
4.134053819725522771e-01
1.191757876033079810e+00
1.293248609013971873e+00
2.158613694875384681e+00
2.170209684103610925e+00
2.340775725024286658e+00
2.831014620664063841e+00
2.836201560945482925e+00
3.153582473198184744e+00
3.226844473058008589e+00
3.271810107049532235e+00
3.538598235580138862e+00
3.826591861987253651e+00
3.858165092926356010e+00
3.880915936329984106e+00
4.011352659799740650e+00
4.011468670505564660e+00
4.218918481798027642e+00
