-6.122730088303569573e-01
-4.252684183313704125e-02
7.054999407563400382e-01
1.510250597256344918e+00
1.669986283385583192e+00
2.533285048186257882e+00
2.565624483552824131e+00
2.842267114211495027e+00
3.244346569624553922e+00
3.247937935067056969e+00
3.614350137774863470e+00
3.685963435854773707e+00
3.778628581362909244e+00
4.200200981882971973e+00
4.333488470497513845e+00
4.355424598490344579e+00
4.396918887732795156e+00
4.565435321031714011e+00
4.577085015024522363e+00
4.779237102529350523e+00
