-5.190573953982493549e-01
1.595770075656446352e-01
1.005704398373950426e+00
1.754466871957106378e+00
2.059108090609925057e+00
2.745577299470483013e+00
2.917108067609888167e+00
3.306602976391218363e+00
3.560198621543463560e+00
3.564117547263549568e+00
3.881122004690951144e+00
3.933781343685382126e+00
4.215626361242811981e+00
4.627625405596972996e+00
4.644605490886874577e+00
4.752365574065379406e+00
4.791438141874664325e+00
4.970915178577115512e+00
4.974711217299272903e+00
5.060231306105606564e+00
