-7.038433049547165865e-01
-1.316767551279554027e-01
6.074690114578515931e-01
1.388781110519630602e+00
1.536160834138627251e+00
2.380748919639700034e+00
2.414561555707678053e+00
2.659397831930618850e+00
3.086448574326368544e+00
3.093354776130126993e+00
3.432966189337093965e+00
3.504728268902454147e+00
3.564981075021933066e+00
3.954639669722837425e+00
4.145573052298459515e+00
4.167980029814771115e+00
4.173287343678566685e+00
4.354197853590903833e+00
4.355969621398344316e+00
4.558346062138753041e+00
