-7.897246096361008938e+00
-3.867593409135835714e+00
-3.618348731609504654e+00
-3.452799366257849556e+00
-2.713441479297447501e+00
-2.043426622292219719e+00
-1.822302029510520782e+00
-1.773853952296757797e+00
-1.650737850540977547e+00
-1.431021907307673757e+00
-1.300576010887205314e+00
-1.167192385849734393e+00
-1.051475707474107679e+00
-9.636721491793203143e-01
-9.329702903656347246e-01
-8.218467979610295515e-01
-6.767126089839798908e-01
-5.359845426615734709e-01
-4.006871603922377290e-01
-3.384073317345688281e-01
