-8.124598998401779681e-01
-2.648177670562290587e-01
4.330089507275260985e-01
1.211977047634718474e+00
1.314981687857653014e+00
2.182448687570285983e+00
2.194335665881226305e+00
2.366315914339793380e+00
2.855075401770591270e+00
2.860561446446808986e+00
3.179446681089757476e+00
3.254442045843461528e+00
3.299118704737338703e+00
3.568697580434673000e+00
3.854477849337854423e+00
3.884610406166757457e+00
3.906944462469255086e+00
4.038202191542950459e+00
4.038876836450072005e+00
4.248809865726798307e+00
