-7.165005250135436654e-01
-1.564571955432256800e-01
5.644967899324910832e-01
1.351780613445043855e+00
1.482358993348498188e+00
2.342253698393506056e+00
2.357948483976542775e+00
2.579228422076084826e+00
3.030722067324859381e+00
3.034222758580654045e+00
3.373314299137746275e+00
3.461435793692544394e+00
3.484477851297015150e+00
3.852504892578508588e+00
4.084736152012737875e+00
4.092784484182629967e+00
4.106740010854082357e+00
4.273456595362404187e+00
4.274026714255342085e+00
4.493885694960226829e+00
