-6.877453534852975281e-01
-7.575759956580441212e-02
6.864312150983096217e-01
1.441722018968903285e+00
1.638994447950608446e+00
2.416461098100626259e+00
2.490865882103207696e+00
2.767622517031668394e+00
3.149846714203704323e+00
3.152684986641361320e+00
3.493562380201183259e+00
3.526187154890067177e+00
3.656017283467917878e+00
4.073497537612638553e+00
4.193727692754691816e+00
4.213912278900352248e+00
4.242760641480344930e+00
4.431054195679280383e+00
4.432025601158784411e+00
4.605076257008477114e+00
