-5.134040916042863500e-01
6.979953603581634525e-02
8.399089562332164860e-01
1.662250256258971604e+00
1.834047573340740200e+00
2.701050728358325159e+00
2.747751933821291459e+00
3.045605479915820979e+00
3.417408590194099816e+00
3.424001853357424352e+00
3.819232418101989879e+00
3.874293866768027783e+00
3.996779617051572586e+00
4.476997852972090186e+00
4.536898906912540497e+00
4.546001775017543878e+00
4.617296385643669510e+00
4.769037167558963120e+00
4.774430183796312122e+00
4.920446581510930173e+00
