-5.725924438964966612e-01
-7.773913967690759819e-02
5.787997744668587075e-01
1.370104626673423809e+00
1.400344022157696600e+00
2.294385092202730902e+00
2.339358445329480674e+00
2.429953451800599851e+00
2.960818892229156063e+00
2.972849432367581812e+00
3.288380514715981917e+00
3.335618567415110647e+00
3.428921697865746410e+00
3.605090444057566401e+00
3.985335206355955506e+00
3.986829604925560488e+00
3.989688306248922345e+00
4.122867494678530420e+00
4.132974765638664394e+00
4.335447339587858551e+00
