-7.993852011422859505e-01
-2.626495407093898393e-01
4.210352792215417139e-01
1.199131699060671963e+00
1.286312355168774957e+00
2.151757379717309959e+00
2.173845636767509859e+00
2.322172361156845000e+00
2.822854311405535555e+00
2.828161810000892729e+00
3.141062861748650903e+00
3.206166367865080247e+00
3.268856790931749856e+00
3.504590418637235416e+00
3.806495860222639749e+00
3.845119841291307239e+00
3.867168649980158079e+00
3.988420873796712840e+00
3.989584972281591035e+00
4.194045852269482566e+00
