-6.630739128406730742e-01
-7.645400901287757733e-02
6.734573450560219499e-01
1.455053613411564584e+00
1.625163143130976096e+00
2.461695927981736531e+00
2.513093233140352822e+00
2.779460073131076570e+00
3.185789405273226294e+00
3.193432624371553175e+00
3.540415651093553606e+00
3.597871526229027950e+00
3.699164689731787803e+00
4.124509481665427302e+00
4.254410711728723982e+00
4.275166792401478233e+00
4.305317367723773714e+00
4.487218108434262831e+00
4.491761828908920506e+00
4.683214064490357487e+00
