-7.537508216555579565e-01
-2.248200261783495080e-01
4.552556883390934672e-01
1.232740768966323230e+00
1.308621251000658958e+00
2.171279302352559171e+00
2.202819358786655357e+00
2.332820810957855429e+00
2.844186434767834726e+00
2.849631850989680970e+00
3.158017638454111875e+00
3.213451348072339897e+00
3.291168283860315569e+00
3.499649304587364895e+00
3.812826956320350291e+00
3.859054158489016118e+00
3.881478443316154880e+00
3.994856387083927984e+00
3.995323387272947002e+00
4.194930464946082793e+00
