-5.789994508688209862e-01
-9.019116085642053804e-02
5.632492251707503783e-01
1.357105203726973741e+00
1.383407760964189492e+00
2.278884400220874795e+00
2.326258417143947099e+00
2.412938158369115627e+00
2.944611240914980499e+00
2.956642843127042397e+00
3.272504075970289250e+00
3.319048348469607390e+00
3.414290196209435635e+00
3.588833666570565128e+00
3.968558507309921879e+00
3.971527736404482312e+00
3.972808414022722445e+00
4.105263511064379145e+00
4.115522441195309966e+00
4.318284464295800262e+00
