-6.978344910526175227e-01
-1.367751313173357630e-01
5.926893876217036450e-01
1.378648729204087431e+00
1.511865696840686724e+00
2.372428006240625109e+00
2.392465080035435676e+00
2.624271881185904931e+00
3.066020913863667374e+00
3.073101577494526282e+00
3.411804131151711772e+00
3.497847259950503940e+00
3.530529540646512032e+00
3.906852381072440039e+00
4.126026268106670614e+00
4.140763375330152485e+00
4.149062496455371729e+00
4.320917434345119545e+00
4.322763922363265010e+00
4.537852150361686654e+00
