-7.242391841173230205e-01
-1.251659620265854755e-01
6.248429359839065000e-01
1.379357648804216296e+00
1.555539882012453745e+00
2.356230376259190962e+00
2.410718485905817943e+00
2.665116700214639422e+00
3.069416303089383291e+00
3.074536586331305443e+00
3.406709661479908391e+00
3.462287573154753773e+00
3.549362408468368812e+00
3.936877495252701920e+00
4.105116573839040939e+00
4.126157636188509059e+00
4.133165435259797960e+00
4.321633777348324656e+00
4.322862115875977906e+00
4.508029358776184381e+00
