-7.687835867218382191e-01
-2.313189952747052303e-01
4.528849018661276205e-01
1.230437659594826982e+00
1.322444434055796592e+00
2.188402880407011253e+00
2.208251354095409624e+00
2.361948518449935364e+00
2.860374875268462347e+00
2.865686393704891088e+00
3.180998691244894871e+00
3.249592329610095476e+00
3.306408567146718269e+00
3.557278497139122919e+00
3.851569484833817114e+00
3.884544677897793008e+00
3.906161366183368955e+00
4.031984849043510621e+00
4.032712435182475019e+00
4.241068551678836229e+00
