-7.729766715383448172e-01
-2.215736589259904576e-01
4.886927332918276079e-01
1.269272146515504573e+00
1.379654775724702631e+00
2.250610981081990758e+00
2.253637097752289264e+00
2.451386978304071818e+00
2.923957574792439118e+00
2.929531513998881564e+00
3.254779798404342728e+00
3.343407226491763140e+00
3.363540590877164504e+00
3.676707999155041762e+00
3.945494891268026549e+00
3.962264915695413947e+00
3.984384605359082343e+00
4.128356498416906106e+00
4.129720372919109650e+00
4.346451026805880247e+00
