-8.389741064747795463e-01
-2.931380093359621242e-01
4.019552810786990449e-01
1.180768464051652700e+00
1.278642026081797667e+00
2.145142986220889725e+00
2.159296002952032723e+00
2.324995779810706154e+00
2.817362465269980021e+00
2.822857336999732070e+00
3.138592470015282743e+00
3.210239949825336225e+00
3.259434250358026475e+00
3.517131186119513586e+00
3.809760526608442888e+00
3.843908606853801757e+00
3.866244000513688661e+00
3.994138891779584810e+00
3.994937822528299876e+00
4.201109465167974122e+00
