-6.365073144670532201e-01
-1.232861548202208724e-01
5.441713090681332687e-01
1.336433179853997899e+00
1.405197114036013772e+00
2.281018245331210892e+00
2.324482829115254390e+00
2.453117594772834309e+00
2.959899826363880493e+00
2.964426654500357472e+00
3.291346831778923843e+00
3.364780876442637236e+00
3.433002103181365783e+00
3.667375909827796931e+00
3.983019819172454845e+00
3.999205558005655803e+00
4.020374679404426388e+00
4.147920274173998223e+00
4.159552670906350613e+00
4.378870909520060195e+00
