-8.228620720328763127e-01
-2.905025265063159168e-01
3.886587584565859288e-01
1.167958341393386945e+00
1.245171805523568764e+00
2.109364878895576112e+00
2.141735691853682511e+00
2.266468411835376173e+00
2.782917297168751247e+00
2.788416343362769112e+00
3.095993111768621020e+00
3.147305409031105228e+00
3.233707566207158379e+00
3.429966301264357753e+00
3.746603687512106262e+00
3.798735514821601100e+00
3.821737296908395365e+00
3.931007658189628273e+00
3.931069509606459178e+00
4.128886865582899190e+00
