-8.195353759438148700e-01
-2.745039396031643264e-01
4.243738530421978794e-01
1.203109978225256782e+00
1.301561176143877674e+00
2.168495120167790446e+00
2.182765183053561486e+00
2.351532771361235064e+00
2.841981069250323344e+00
2.847659519735316280e+00
3.164981917281693313e+00
3.238106676886673085e+00
3.285167946254659910e+00
3.548936941166175529e+00
3.837526608876942191e+00
3.870662429952062666e+00
3.892856212187325582e+00
4.021996172166836914e+00
4.022858687261759769e+00
4.231308187976537738e+00
