-8.296724147803615779e-01
-2.957703974389005452e-01
3.879895008576568216e-01
1.165515974040317815e+00
1.250566431575862225e+00
2.113304765414795838e+00
2.138860480750736315e+00
2.278212735167471692e+00
2.786129118430835661e+00
2.791362642732565291e+00
3.102498067077249289e+00
3.160545571947295684e+00
3.233504506795725320e+00
3.453174570749979466e+00
3.760431161186716054e+00
3.805596699741727207e+00
3.828531007398851216e+00
3.944524833736068103e+00
3.944617791858036071e+00
4.146002640321967192e+00
