-8.047986708843382075e-01
-2.335963131263270043e-01
4.854601980550796725e-01
1.247593328240327537e+00
1.379285951545170974e+00
2.219420345500111580e+00
2.234135208156658337e+00
2.443932677262637299e+00
2.899742432418861426e+00
2.905130455321341287e+00
3.224028807067952584e+00
3.314293104805983603e+00
3.324611497671867255e+00
3.655562837164325174e+00
3.909743185751722194e+00
3.923474957919097506e+00
3.944676903069193941e+00
4.097843770075996872e+00
4.098654103618173394e+00
4.310098694950283971e+00
