-5.762476039824377949e-01
-8.425900259680929594e-04
7.583988542737643002e-01
1.567033395950261365e+00
1.736805909491181410e+00
2.590806649275805285e+00
2.642820829136667271e+00
2.915147506195694405e+00
3.313877060379127215e+00
3.314701853451651914e+00
3.688645157041719358e+00
3.750285584979565101e+00
3.863919039853385584e+00
4.297379275687376321e+00
4.407862828026054558e+00
4.427791405903462874e+00
4.480857911713997055e+00
4.645865739708824549e+00
4.653190379818965994e+00
4.841917774416856446e+00
