-7.619191115991270635e-01
-2.061148595621489221e-01
5.027965071112703299e-01
1.284036177461530315e+00
1.402607202564468025e+00
2.272935639948627795e+00
2.274638300277729286e+00
2.477310998057873803e+00
2.946824218726760591e+00
2.952211469102621777e+00
3.279363745194132207e+00
3.371971602597113815e+00
3.386683882372381049e+00
3.713552209881527233e+00
3.975104713143082336e+00
3.987098461093410151e+00
4.008844654852509848e+00
4.157285410336044151e+00
4.158277397227720940e+00
4.377713954776481842e+00
