-5.544916576626661708e-01
-1.046993845105106402e-01
4.534777801441691736e-01
1.189730083675641481e+00
1.249845753044994012e+00
2.075607286518376782e+00
2.097071636120375615e+00
2.212946841470355253e+00
2.741201022258351827e+00
2.783497612400324783e+00
3.019193502414822206e+00
3.065534665905090606e+00
3.167741114694109683e+00
3.263316516212171337e+00
3.666580466235842550e+00
3.729979357232622306e+00
3.741737218684164645e+00
3.756119294504927097e+00
3.770801540462827006e+00
3.842565028293250862e+00
