-7.374153546634261147e-01
-1.799950363429161371e-01
5.354723989821650321e-01
1.321228731389965105e+00
1.442537890269704803e+00
2.314244585106280283e+00
2.321140472534352739e+00
2.534502504164265702e+00
2.992216250505407515e+00
2.997146363379215472e+00
3.329936135809475672e+00
3.426864428583030531e+00
3.437268809028864780e+00
3.787404071603305056e+00
4.040913436379014456e+00
4.041126322304990026e+00
4.063788411342102336e+00
4.221069706991329440e+00
4.224563291213598859e+00
4.446227906873900793e+00
