-8.118933897203532979e-01
-2.440710848604794592e-01
4.710496930347289890e-01
1.234731701028067619e+00
1.364163488993654028e+00
2.206252821168163791e+00
2.218531664184411056e+00
2.422885634689009748e+00
2.883844260912155733e+00
2.888835760517395101e+00
3.207593909683055244e+00
3.298189167617238127e+00
3.306546317820902914e+00
3.631018863146891817e+00
3.889868984144413844e+00
3.906696567311882973e+00
3.928721199845313095e+00
4.078103310908772983e+00
4.078160811317502521e+00
4.288247052827500738e+00
