-7.172295854379626689e-01
-1.894067188768531196e-01
4.850720495323912473e-01
1.262746367634463240e+00
1.337114995734737022e+00
2.200801222434165538e+00
2.233209064091170148e+00
2.358933020295808092e+00
2.870694068770717422e+00
2.875654591833153972e+00
3.182852258313687344e+00
3.238722155611867493e+00
3.317760833495412953e+00
3.523813636452359788e+00
3.839538933684707445e+00
3.882777134691423271e+00
3.905576703441511199e+00
4.019207186098356033e+00
4.020998704447265482e+00
4.219972747839165095e+00
