-8.333296884229639545e-01
-2.893464801891241223e-01
4.041442405286943540e-01
1.183401093934662640e+00
1.279094452795106918e+00
2.145575188638758846e+00
2.162145238093216904e+00
2.323377507564146072e+00
2.817905451083788648e+00
2.823466421294142492e+00
3.139110017727944069e+00
3.208356071118032560e+00
3.262710581984720193e+00
3.512994987861020491e+00
3.807749618630623445e+00
3.844648305210284889e+00
3.867161218324326910e+00
3.992273071227828041e+00
3.993064902329933830e+00
4.199126174062257633e+00
