-7.889867504127323627e-01
-2.351625506271375343e-01
4.743837996647926047e-01
1.254040849755256204e+00
1.370082640194596024e+00
2.235795901731762569e+00
2.238083370066306088e+00
2.437058296218310716e+00
2.908930246143427212e+00
2.913937493740377249e+00
3.238678710251406301e+00
3.327676832141150953e+00
3.344502749867388047e+00
3.663308384333504364e+00
3.929850181219080696e+00
3.944421285690623336e+00
3.966658285178709775e+00
4.113189709416474216e+00
4.113770040275994688e+00
4.328594533923023846e+00
