-7.829725871997652575e-01
-2.339775075706711505e-01
4.714414375775959343e-01
1.253001016088092001e+00
1.363032390407170169e+00
2.231882805412169546e+00
2.235601797998242546e+00
2.425451072514988482e+00
2.903474925922637340e+00
2.908603338692046236e+00
3.232978920746973017e+00
3.316632656889851205e+00
3.344780285438901046e+00
3.646362365845561726e+00
3.919118354675447335e+00
3.939507566519750981e+00
3.962076405994594097e+00
4.102332044785725884e+00
4.102924797360174125e+00
4.317233132878754986e+00
