-6.347037120071945537e-01
-6.241149263564693683e-02
6.796963466997567593e-01
1.473297993886262702e+00
1.630305840989421995e+00
2.490594005316552284e+00
2.529319786241785550e+00
2.789191388178323905e+00
3.199685505723209644e+00
3.207258496882104737e+00
3.558963832479548728e+00
3.636211380603754151e+00
3.714832154168334455e+00
4.136087768567449530e+00
4.279896976692953103e+00
4.299530569234320865e+00
4.323050362013873382e+00
4.501976301024797067e+00
4.509025173155805533e+00
4.705327984495397686e+00
