-6.801331794358702609e-01
-1.128336047045195301e-01
6.182648973290270078e-01
1.405199962925507862e+00
1.548896272949605191e+00
2.405561805761863070e+00
2.431053654156585253e+00
2.669095473948345898e+00
3.109972483817273314e+00
3.114237810059421463e+00
3.457911539958331559e+00
3.537126310672647378e+00
3.583352385659054562e+00
3.974721497696464212e+00
4.173331302351925842e+00
4.193304820098546770e+00
4.196338385552280670e+00
4.374371446596796886e+00
4.374672588475732482e+00
4.589535868439270416e+00
