-7.158407066026484245e-01
-1.560168608748426777e-01
5.647160063781484496e-01
1.351998010606621392e+00
1.482303938313634717e+00
2.342457782647215936e+00
2.357833420583119732e+00
2.578824649224770837e+00
3.030587254070269410e+00
3.034100604947525426e+00
3.373153042040030414e+00
3.461626855123540736e+00
3.484003556228344678e+00
3.851636264016633504e+00
4.084580103606640478e+00
4.092208406989811920e+00
4.106606048102548812e+00
4.272910827154191793e+00
4.273476626594856498e+00
4.493697291090938961e+00
