-6.847127879927938920e-01
-1.626950942645635223e-01
5.101774054664929281e-01
1.287004945655553456e+00
1.355335845533772954e+00
2.217247949145530583e+00
2.251606608053407399e+00
2.371009176204097457e+00
2.889093545010382513e+00
2.895997031760543905e+00
3.200030005952612555e+00
3.249717328985298082e+00
3.335424429123577283e+00
3.531118144573156314e+00
3.854174616692944255e+00
3.899498718931681651e+00
3.922613474184345250e+00
4.032814395524837892e+00
4.033232007629067084e+00
4.230011329315402691e+00
