-7.425206964626340778e-01
-2.061529579405032564e-01
4.793806776606288622e-01
1.258573568664360209e+00
1.348643442137472448e+00
2.217951147330495587e+00
2.236575723773967184e+00
2.395817749840716715e+00
2.887758447861415334e+00
2.892535556351504056e+00
3.210481585066190746e+00
3.284152609991906502e+00
3.333316841346459114e+00
3.596244339753866370e+00
3.889181017440932919e+00
3.915362547522818204e+00
3.937938423183368286e+00
4.067206894150331209e+00
4.070182277615458588e+00
4.280760205786464212e+00
