-6.586202503806362074e-01
-1.342155325964995427e-01
5.425426771730599285e-01
1.329986879577290892e+00
1.412018440257725160e+00
2.297233158511289730e+00
2.321082087337117628e+00
2.473811191780214358e+00
2.969219016374836428e+00
2.975968074985757994e+00
3.298237753185048859e+00
3.379570446611523948e+00
3.431975525687903428e+00
3.707256312995696135e+00
3.991692837588743714e+00
4.010016890934139155e+00
4.029723370586452802e+00
4.165650412161994609e+00
4.170991896651230491e+00
4.391093287385047006e+00
