-1.287854838710700278e-01
7.790049687691862346e-01
1.723024263942534162e+00
1.979354919209072250e+00
2.440875984009835520e+00
2.716608369819368818e+00
3.036239364939319785e+00
3.047550884232805402e+00
3.335737078749843931e+00
3.337286419532574655e+00
3.519337265598551312e+00
3.743329139743764244e+00
3.763599039462860674e+00
3.882290856831787096e+00
3.888020505299209617e+00
4.122454897675197572e+00
4.124256832600622147e+00
4.324254157924769970e+00
4.411912530808876909e+00
4.413223029467189917e+00
