-1.290532565053581493e-01
7.866596339044917841e-01
1.738384016925010656e+00
1.993106410788641369e+00
2.452442749921829090e+00
2.739452728867945552e+00
3.057034009485505521e+00
3.057387781851502950e+00
3.355576437776107923e+00
3.357094210794457467e+00
3.538550995801415411e+00
3.751158200894678885e+00
3.793774597766969237e+00
3.900211349405253713e+00
3.905853944487716944e+00
4.139861273850328871e+00
4.152841682524922362e+00
4.351753880222531734e+00
4.427968872032579384e+00
4.429265997653601517e+00
