-9.834412415762017190e-02
8.304856914135143597e-01
1.800027238490315540e+00
2.056679681659261405e+00
2.518005480169449584e+00
2.827237581103645425e+00
3.127203996364301020e+00
3.147714561712632531e+00
3.446283927715626305e+00
3.448144738832752410e+00
3.632224104756687666e+00
3.825904346747051932e+00
3.916998629031922974e+00
3.996613629416515323e+00
4.002454439059988545e+00
4.241289766701015651e+00
4.279901461304689292e+00
4.482608802337722409e+00
4.528123792727342334e+00
4.529339683626403712e+00
