-1.260283970450473134e-01
7.775437478248932166e-01
1.714831427500939753e+00
1.970118950593132467e+00
2.429442256866423122e+00
2.698751009940679069e+00
3.017120449685535277e+00
3.032876192873118271e+00
3.315373492387152510e+00
3.316905561191560992e+00
3.497631343175271468e+00
3.724686830335485865e+00
3.732798911191821389e+00
3.858486363500560401e+00
3.864170357358489127e+00
4.091897492350653920e+00
4.096866204910838860e+00
4.290602086979561136e+00
4.384440351981538697e+00
4.385740436591731850e+00
