-6.649295252056219852e-02
8.263047957048144099e-01
1.744105015747834386e+00
2.000130201212925840e+00
2.452531366497581189e+00
2.692507507272964062e+00
3.013669137258219166e+00
3.053184979798700738e+00
3.305132610032430307e+00
3.306420402231836420e+00
3.485849815631539173e+00
3.682688686562769931e+00
3.723292212075492102e+00
3.833255145640876549e+00
3.841125968230088006e+00
4.032823719803104723e+00
4.058481595828496324e+00
4.227278299122090743e+00
4.337252196754349143e+00
4.338934025782961612e+00
