-1.053186746738674628e-01
7.970472998304103385e-01
1.734481855376998283e+00
1.990600579887313870e+00
2.452461615187985444e+00
2.721473681941915856e+00
3.042813373679337019e+00
3.057736351748872039e+00
3.342552599068994823e+00
3.343668041941896263e+00
3.527211535400397224e+00
3.753447167187459854e+00
3.765916778341193094e+00
3.889837097457871096e+00
3.895470157092745467e+00
4.129739458319704681e+00
4.131991887888602832e+00
4.329978128286370520e+00
4.418821520829851579e+00
4.420194733685434585e+00
