-1.249283980196196353e-01
7.788099833778687753e-01
1.717322745505953208e+00
1.973017992791028519e+00
2.433296064899877820e+00
2.703853393652934756e+00
3.022916506966794259e+00
3.037692983221859322e+00
3.321732394559148815e+00
3.323227171104008448e+00
3.504909643665996555e+00
3.730670564554202429e+00
3.742782066638028482e+00
3.866583430477476213e+00
3.872167388374691654e+00
4.103155907389009371e+00
4.106193584495485993e+00
4.302181774687596771e+00
4.393713512921749498e+00
4.395024766581627773e+00
