-1.258042232466323185e-01
7.835044492858287413e-01
1.729631064200475521e+00
1.986038464740886411e+00
2.447870473342845798e+00
2.725801154855616915e+00
3.045699287395109423e+00
3.054451161545330251e+00
3.345323200159327826e+00
3.346833270142269612e+00
3.529397516720564454e+00
3.750058818292018259e+00
3.776456821235115058e+00
3.892387129017151892e+00
3.897991410836766590e+00
4.133220028656978684e+00
4.137786693942871352e+00
4.337538813483661215e+00
4.421671773257003224e+00
4.422991360560445173e+00
