-9.083089142075095879e-02
8.258725520801704079e-01
1.787137867302249106e+00
2.045694600962576715e+00
2.512593570023170741e+00
2.806357526211229469e+00
3.125589015153934724e+00
3.130608890011103540e+00
3.434338749245966937e+00
3.437161007480028729e+00
3.621468971021784000e+00
3.827595600438769452e+00
3.896317490701164843e+00
3.987780796777201431e+00
3.992926496238453637e+00
4.232321840738336505e+00
4.259555398641452939e+00
4.463020178087276690e+00
4.523703305338642622e+00
4.524788413131375364e+00
