-1.373796489642700180e-01
7.697867428832978476e-01
1.712625184842181625e+00
1.968258511809835909e+00
2.429365543990570586e+00
2.703221480722277192e+00
3.022485256959043909e+00
3.034557638256956125e+00
3.321443632106820587e+00
3.322964613555086544e+00
3.504540486010228051e+00
3.728438082423963351e+00
3.746558866314444458e+00
3.866704617626965046e+00
3.872322526840434875e+00
4.105941486322990386e+00
4.106276933191111311e+00
4.304943839491897961e+00
4.394089521065325243e+00
4.395406919516972266e+00
