-8.234156691241878434e-02
8.381782856664301562e-01
1.802349616402636912e+00
2.061100178327478716e+00
2.530371713036998926e+00
2.830523318282615719e+00
3.144470803374389334e+00
3.154372641835578861e+00
3.454249891169411057e+00
3.454335738556267188e+00
3.644393291218676723e+00
3.849175160990455424e+00
3.919612347289842091e+00
4.009937783913585463e+00
4.012304783738841252e+00
4.256745414139942341e+00
4.290970850917659618e+00
4.488342340271884723e+00
4.550329623071348806e+00
4.551472987337945142e+00
