-1.349175168033980299e-01
7.728655043374601519e-01
1.715774642603719258e+00
1.972005799510952784e+00
2.433054581284523010e+00
2.708106701371434610e+00
3.027091744250355987e+00
3.038966831889410969e+00
3.326189972241991200e+00
3.327882641433461686e+00
3.509277505114368978e+00
3.732910045669996180e+00
3.752331878304175916e+00
3.871882351173553616e+00
3.877547076483097044e+00
4.111567846475736587e+00
4.111882117793356883e+00
4.311244490298122400e+00
4.399417527993136900e+00
4.400726636689796578e+00
