-1.111937698556175746e-01
7.918287526235872065e-01
1.730645553083604682e+00
1.986105899815356679e+00
2.447058216189361701e+00
2.718798859725666262e+00
3.038148985288444237e+00
3.052330807295447812e+00
3.337683559191873428e+00
3.339027644139832773e+00
3.521663806249762274e+00
3.747509955773921320e+00
3.761481890960340024e+00
3.883732876197427686e+00
3.889126678295951933e+00
4.123599140380292738e+00
4.124476038931106814e+00
4.324310071298668845e+00
4.413888242389020888e+00
4.415236998031559779e+00
