-1.391154793600435369e-01
7.671228177568991669e-01
1.708620177614648128e+00
1.964688903462956659e+00
2.425237702289450681e+00
2.698379317826038459e+00
3.017007382848532870e+00
3.030755519379454199e+00
3.316025926025758963e+00
3.317504500097129494e+00
3.499154502926103305e+00
3.724562705949210795e+00
3.739120324909890769e+00
3.861143293433997314e+00
3.866775223214062862e+00
4.098762883029849036e+00
4.100549852126277983e+00
4.297632785081077600e+00
4.388895643296564231e+00
4.390212294252705760e+00
