-1.160817927539028460e-01
7.871169914201345819e-01
1.725421045642633544e+00
1.981693556339450879e+00
2.441969481964406441e+00
2.713510913432401139e+00
3.032412119091532077e+00
3.047772264627383265e+00
3.331489418296314398e+00
3.333061692618230154e+00
3.514916892386281688e+00
3.742031596208107658e+00
3.755104194203795487e+00
3.877681744149413134e+00
3.883380809455502458e+00
4.115268561786251666e+00
4.117402352641420293e+00
4.315573023116485274e+00
4.406347554811418377e+00
4.407659310128110519e+00
