-8.130049895504498636e-02
8.584891482401246776e-01
1.841495907495755091e+00
2.096535944790986150e+00
2.560403822437365307e+00
2.888285963480768714e+00
3.169057395207602212e+00
3.207560165647464601e+00
3.504459136337118252e+00
3.504564021754021041e+00
3.692672802215440697e+00
3.869242328086244243e+00
3.995208163548454650e+00
4.055250878026413375e+00
4.057390628102353958e+00
4.299825737046461427e+00
4.362114708091155535e+00
4.556547423025648413e+00
4.590542832377167315e+00
4.591514914782521828e+00
