-9.872482581579333782e-02
8.163555588816961972e-01
1.772445392381655438e+00
2.031846889688267765e+00
2.496802487459149233e+00
2.786457366260833624e+00
3.109519939608844652e+00
3.109816220833977241e+00
3.410583283350433703e+00
3.412522913313409845e+00
3.597694436287042663e+00
3.811206964598000013e+00
3.863240828511834479e+00
3.964275832060820903e+00
3.970258387935587052e+00
4.209913077061514741e+00
4.228891806162323519e+00
4.433724815419282095e+00
4.499126399837905410e+00
4.500363457458888661e+00
