-1.312778928349871421e-01
7.722036299164756201e-01
1.710739218115122640e+00
1.966122452515264740e+00
2.426068436550849583e+00
2.696565360225577024e+00
3.015107899595022900e+00
3.030934524122130824e+00
3.313670425484815496e+00
3.315092341079434846e+00
3.496505657363741193e+00
3.723579318344491185e+00
3.733872627995879157e+00
3.858244713193926145e+00
3.864044972227929975e+00
4.093223591467904043e+00
4.097135703084859415e+00
4.292198716000712011e+00
4.385094079711052473e+00
4.386422792014855077e+00
