-1.171602884496678598e-01
7.936835331956899608e-01
1.742573385328796576e+00
1.999839503663679352e+00
2.462212983178687864e+00
2.744269745458041143e+00
3.064290233734027424e+00
3.071027912226782064e+00
3.364463215527848661e+00
3.366047589000572771e+00
3.549122383684789384e+00
3.768889823734298261e+00
3.802427750127208128e+00
3.913742938010727812e+00
3.919496133243228542e+00
4.155123241501314624e+00
4.163892997372386162e+00
4.365214214878960775e+00
4.445337638876026176e+00
4.446665335715806577e+00
