-1.389088491050642915e-01
7.649222217150963843e-01
1.703027318471868057e+00
1.958669638213905273e+00
2.418272606519167311e+00
2.688441726142627886e+00
3.006617674611334223e+00
3.022474310379038798e+00
3.305156741505925311e+00
3.306627040965395281e+00
3.487797723642870551e+00
3.714762908883130876e+00
3.723908064086572267e+00
3.849007420252746670e+00
3.854623382841964485e+00
4.083071918383211596e+00
4.087772655278968159e+00
4.281558590653730789e+00
4.375485297317936784e+00
4.376797778280888451e+00
