-1.212277651225122099e-01
7.876853258112532785e-01
1.733714020555453317e+00
1.990550306022669247e+00
2.453258430183723249e+00
2.730550399503499648e+00
3.051253475506200630e+00
3.061081744089733547e+00
3.350893083021219354e+00
3.352449806247932429e+00
3.535154041075657005e+00
3.757336434789976920e+00
3.784023616412468982e+00
3.899341160607491474e+00
3.905005172740402486e+00
4.140489400082969951e+00
4.144859420439388487e+00
4.345323630809161841e+00
4.429316716289577016e+00
4.430608536007639486e+00
