-1.289256899999600137e-01
7.743221427372191101e-01
1.711930613411823288e+00
1.967047011366958031e+00
2.426401293138042092e+00
2.695812792464494123e+00
3.013911222322349204e+00
3.030310925832964131e+00
3.312094634364257217e+00
3.313521104142637341e+00
3.494479035867698258e+00
3.721737639894854510e+00
3.729787196692996076e+00
3.855504996352465241e+00
3.861288875401442056e+00
4.088531656336272135e+00
4.093792166351704509e+00
4.287001251777837751e+00
4.381074239974623197e+00
4.382400064667308470e+00
