-9.023162475972412722e-02
8.423878806112838902e-01
1.819283508545026962e+00
2.074668545769100092e+00
2.537287683229180857e+00
2.853776901083222128e+00
3.146207200099524925e+00
3.174764618364577018e+00
3.475910803232125090e+00
3.478645298379433370e+00
3.661515282251514236e+00
3.844710709506159674e+00
3.958906007138011773e+00
4.025324940419693576e+00
4.030459384230880460e+00
4.268542782886072473e+00
4.318401267257627296e+00
4.519689730029540442e+00
4.557166095147806573e+00
4.558214590658110410e+00
