-1.023668283088454700e-01
7.998434128227245310e-01
1.734796001972085833e+00
1.989832623943470935e+00
2.449502734663610681e+00
2.715302361003068654e+00
3.034770071226034815e+00
3.051579148534528940e+00
3.332940917136625103e+00
3.334027013233821890e+00
3.515858563764822975e+00
3.742841582722462590e+00
3.747470751941136768e+00
3.875942323833214687e+00
3.881579037199344384e+00
4.108526034768260615e+00
4.115666516831993249e+00
4.306622417424932792e+00
4.400106610374677985e+00
4.401453360200321185e+00
