-1.116091588864946971e-01
7.986975983442334837e-01
1.748311302888851060e+00
2.005078165730992623e+00
2.468959403987128098e+00
2.750681170651660068e+00
3.071470465200945910e+00
3.078332322225605822e+00
3.372553640961768906e+00
3.373924966906770351e+00
3.558125598592368988e+00
3.778247660009583342e+00
3.811081989402737236e+00
3.922687994429679748e+00
3.928170264296795722e+00
4.165486934770115113e+00
4.174825296403923858e+00
4.376863307576286388e+00
4.456932695042496562e+00
4.458305694669434160e+00
