-1.289184979386845953e-01
7.786455985769862309e-01
1.722454247999849031e+00
1.978862305387337983e+00
2.440458291188406292e+00
2.715852473985250981e+00
3.035578448935666529e+00
3.047189237547172525e+00
3.335128459362749709e+00
3.336678179702175839e+00
3.518757309108877962e+00
3.743011183194539626e+00
3.762684506787081773e+00
3.881746129282873881e+00
3.887478255882342637e+00
4.121933688434182841e+00
4.123443264901652583e+00
4.323500054941177950e+00
4.411410953051017714e+00
4.412721984386735130e+00
