-1.369109186161949765e-01
7.696630941536568571e-01
1.711901216887781629e+00
1.967565477651078254e+00
2.428802327889570734e+00
2.701865943519806024e+00
3.021121878900885349e+00
3.034168870319263078e+00
3.320137964732566616e+00
3.321663290218566544e+00
3.503252304370107595e+00
3.728192386959563009e+00
3.744516465863853227e+00
3.865522170257463586e+00
3.871147407142416341e+00
4.103863278647622792e+00
4.105109575502865482e+00
4.302867799131490756e+00
4.393087530846969457e+00
4.394405451181228273e+00
