-1.388527598974178545e-01
7.649716931045986712e-01
1.703067092232231516e+00
1.958694786637352081e+00
2.418287652813887689e+00
2.688465472561802017e+00
3.006620818818191765e+00
3.022483461299998453e+00
3.305150725762359798e+00
3.306621226827701321e+00
3.487785866032936610e+00
3.714765606051514624e+00
3.723908081294212025e+00
3.848991863644187106e+00
3.854607783996470971e+00
4.083047779979096958e+00
4.087751418803236447e+00
4.281521885117399506e+00
4.375467482586827828e+00
4.376779883132257964e+00
