-6.883696667091498966e-02
8.262632672944505430e-01
1.756155951041506569e+00
2.015360872728962249e+00
2.474311380214373912e+00
2.732397688326614116e+00
3.059034864903679818e+00
3.084767710587840384e+00
3.354969183312391579e+00
3.356311225325498526e+00
3.540202550445314955e+00
3.768646349242658289e+00
3.774494482523266470e+00
3.898238501677923296e+00
3.904146895717019561e+00
4.130097319741537376e+00
4.132624048578662723e+00
4.332545560252839323e+00
4.420997317668934556e+00
4.422416333081883977e+00
