-1.315658457369863754e-01
7.754449188214493915e-01
1.719006641176747507e+00
1.974982350622667582e+00
2.436265052077942528e+00
2.711299888876965269e+00
3.030475269084490719e+00
3.043004455939808395e+00
3.329711869484526687e+00
3.331145499596459558e+00
3.513246994058135897e+00
3.737811088094531442e+00
3.756496240797787323e+00
3.876108149630454136e+00
3.881937170881428756e+00
4.115920915901369881e+00
4.116523519622205640e+00
4.316053784605173860e+00
4.404781372093566461e+00
4.406117152842853102e+00
