-1.369503812093171291e-01
7.696046928249415942e-01
1.711826780647243140e+00
1.967503106723597739e+00
2.428748311758681666e+00
2.701780502546171192e+00
3.021052842119388515e+00
3.034118409086659085e+00
3.320075916260975646e+00
3.321601156370888930e+00
3.503194446624547709e+00
3.728144350949150976e+00
3.744426331264548935e+00
3.865466723542340333e+00
3.871092122932168422e+00
4.103791497647762299e+00
4.105057497552479617e+00
4.302806004485319136e+00
4.393033150521659991e+00
4.394351146347617032e+00
