-6.954318278951632237e-02
8.517697679811817579e-01
1.821715131316921088e+00
2.084117944256632882e+00
2.549918135052422485e+00
2.850279024057556398e+00
3.168582407415271973e+00
3.180429250543056696e+00
3.480521294092795870e+00
3.481557007155572592e+00
3.667632290833324760e+00
3.864780438589633604e+00
3.957314134972023112e+00
4.034444261134524368e+00
4.038648626488168247e+00
4.270412812257433188e+00
4.323270544585028574e+00
4.523808723911230345e+00
4.569319472923268677e+00
4.570446307214041326e+00
