-1.284670685308810789e-01
7.753933261274141842e-01
1.713752634103911987e+00
1.969384466536212130e+00
2.429352727854166005e+00
2.699985805352298485e+00
3.018862936638470273e+00
3.033864906726194022e+00
3.317564262557425536e+00
3.319097104357751959e+00
3.500354312945091806e+00
3.727149555354117183e+00
3.737968814448322519e+00
3.862015688780047640e+00
3.867710962783348805e+00
4.097807631689647678e+00
4.101113621292824973e+00
4.297136853831034387e+00
4.389516959027787379e+00
4.390819350884157757e+00
