-1.183125332722738676e-01
7.849308328859478934e-01
1.721785831244233123e+00
1.977210817173272517e+00
2.436779534827110183e+00
2.705137575187109178e+00
3.023995912042664713e+00
3.040163970801131654e+00
3.321900030484812305e+00
3.323432371436410904e+00
3.504276286911135685e+00
3.730999182047980867e+00
3.739996566793706734e+00
3.865445874265333259e+00
3.871045898587908596e+00
4.098657419469418528e+00
4.104038627914178505e+00
4.297317055597432045e+00
4.390334305997384945e+00
4.391610347703135631e+00
