-9.002964559368820119e-02
8.234369891959545384e-01
1.781327705074090773e+00
2.040134041644705576e+00
2.507684408907039142e+00
2.796954175017333455e+00
3.121269912188893159e+00
3.121455847584911680e+00
3.425324807548406625e+00
3.428151645568789263e+00
3.612600330008547189e+00
3.824151416900690492e+00
3.882923457319577665e+00
3.979431010733208041e+00
3.984569518468219940e+00
4.224070493502722456e+00
4.246303810068525308e+00
4.449833226060547986e+00
4.516258010271542389e+00
4.517354366503013807e+00
