-1.341879223036812618e-01
7.697672899084864184e-01
1.707543924625497311e+00
1.963250827378942631e+00
2.423206287734501529e+00
2.693419690063819871e+00
3.011814939285613946e+00
3.027584441246290226e+00
3.310351491616529529e+00
3.312036990719207097e+00
3.492825067580270115e+00
3.719700697827647673e+00
3.729901607011925080e+00
3.854514662451038021e+00
3.860163167124483152e+00
4.088801324507585377e+00
4.093379758212904562e+00
4.287661903432308463e+00
4.380587710704276105e+00
4.381891720835483284e+00
