-1.057404803096915202e-01
8.201644843904887239e-01
1.785438429551732042e+00
2.040258939887166889e+00
2.501728787203546744e+00
2.804618320504118856e+00
3.108024211708766416e+00
3.124702946798606717e+00
3.424019870275742505e+00
3.425185965782020503e+00
3.609445831522521075e+00
3.806339920541404354e+00
3.885868188115637167e+00
3.972655187726218173e+00
3.978123882368777231e+00
4.216489207678023377e+00
4.248914454512487282e+00
4.448729527405362205e+00
4.503153762322995135e+00
4.504544690140050989e+00
