-1.395051906547450926e-01
7.672602459970221389e-01
1.709288882408145582e+00
1.965322876782011008e+00
2.425750403614074457e+00
2.699602804652386112e+00
3.018224373339762678e+00
3.031114376659388654e+00
3.317187735476181842e+00
3.318662512254377361e+00
3.500298188155284151e+00
3.724794957317499211e+00
3.740936806021636585e+00
3.862192206343024736e+00
3.867817550686595496e+00
4.100598883167549502e+00
4.101582997773220995e+00
4.299460129182989476e+00
4.389787406402319903e+00
4.391103530742839212e+00
