-1.224528761185865733e-01
7.809167174691538094e-01
1.718035442370819510e+00
1.973342049613165727e+00
2.432771419984419481e+00
2.701680816394400608e+00
3.020086635413463227e+00
3.035845705814608664e+00
3.318307846028801578e+00
3.319798145453205507e+00
3.500806509527137678e+00
3.726979270933043153e+00
3.735579146871714329e+00
3.861460653370158980e+00
3.867043742541682150e+00
4.094992148749952321e+00
4.100131431324371079e+00
4.293246493371952965e+00
4.386648852215330407e+00
4.387957099646882853e+00
