-1.344451544391631614e-01
7.726190971643518424e-01
1.714805756908390322e+00
1.971088387141207932e+00
2.432300268188555492e+00
2.706378643766583991e+00
3.025380407503689639e+00
3.038417284962633858e+00
3.324555992718160269e+00
3.326252770953942672e+00
3.507669508047911222e+00
3.732529524342680816e+00
3.749794400395330740e+00
3.870399311286746524e+00
3.876072443059456418e+00
4.109329593249640311e+00
4.110106837926650769e+00
4.308707552829218912e+00
4.398145080298490939e+00
4.399454957814668887e+00
