-8.975372183840590878e-02
8.104348327257753226e-01
1.747847740701502062e+00
2.004425977164487449e+00
2.466837364819298273e+00
2.735850624353531657e+00
3.057556189143269876e+00
3.073459808672168947e+00
3.358995428866023758e+00
3.361780074993646394e+00
3.543729129021926383e+00
3.768274629512632146e+00
3.786627318573550838e+00
3.906177500320495710e+00
3.910922719552218041e+00
4.147485062300404479e+00
4.148027309116343986e+00
4.349098309631074244e+00
4.436411263846878228e+00
4.437471364271118546e+00
