-1.343170963336888235e-01
7.692424071319692302e-01
1.706832957050210098e+00
1.961860679653909756e+00
2.421588580637035193e+00
2.690445500360510778e+00
3.008863996452419087e+00
3.024796708970825421e+00
3.307041388783545699e+00
3.308559667628287571e+00
3.489268704513960984e+00
3.716147283226746367e+00
3.724653474262595410e+00
3.850153525603673188e+00
3.855758934874756960e+00
4.083030735568172531e+00
4.088560321088152705e+00
4.281234714519086992e+00
4.375311858286295319e+00
4.376624051004910143e+00
