-1.136101298529865744e-01
7.891806117117994290e-01
1.725544507323320431e+00
1.981202462483906857e+00
2.440242798495546594e+00
2.709172958624094463e+00
3.027123785153889912e+00
3.044019428209594480e+00
3.325351836247136816e+00
3.326925515596485639e+00
3.507769263262616732e+00
3.735564135181448364e+00
3.742983246770563710e+00
3.868939799910549482e+00
3.874612197204896802e+00
4.101763410085368378e+00
4.107286116506656981e+00
4.300882817447018169e+00
4.394718062742413167e+00
4.396021743900291767e+00
