-1.111310278911332716e-01
7.919593865638034913e-01
1.730761613392587606e+00
1.986225797106271784e+00
2.447215648113569841e+00
2.718819793512011529e+00
3.038178851159727856e+00
3.052551430367429930e+00
3.337742296874012027e+00
3.339087525828063008e+00
3.521724956349771674e+00
3.747802853682969726e+00
3.761330260818112947e+00
3.883830608558810127e+00
3.889226958331846618e+00
4.123463055507954778e+00
4.124583982689500772e+00
4.324176303235162777e+00
4.414040289825834407e+00
4.415389399148807570e+00
