-6.906769396437084652e-02
8.266858999237740591e-01
1.757741605773020410e+00
2.017312930887158018e+00
2.476757920075584707e+00
2.735616809672137606e+00
3.062663082025324002e+00
3.087757490575853581e+00
3.358877216869927906e+00
3.360224670545022718e+00
3.544311390424240926e+00
3.772450522743014290e+00
3.779592563137043726e+00
3.902739198011261124e+00
3.908598736359607528e+00
4.134830818403059993e+00
4.138353591258095321e+00
4.338474048956868501e+00
4.426034913401736048e+00
4.427445878373504229e+00
