-1.317792902173096081e-01
7.718908750612172298e-01
1.708986842317244736e+00
1.964486584147380199e+00
2.423961836493617739e+00
2.693307794905194896e+00
3.011364299483830109e+00
3.027655978303300799e+00
3.309588926893411553e+00
3.311261521243068273e+00
3.491714506608332158e+00
3.718798192616304732e+00
3.727117668715436594e+00
3.852847951171497698e+00
3.858498824632988544e+00
4.085531965118207154e+00
4.091203321540888282e+00
4.283984463703745860e+00
4.377903431706727133e+00
4.379206684923701687e+00
