-1.160764534351983457e-01
7.869944896001470624e-01
1.725105548458486737e+00
1.981311716004256596e+00
2.441470239844420576e+00
2.712939575726977637e+00
3.031769185746270523e+00
3.047124658391567209e+00
3.330779361882832745e+00
3.332351293690862803e+00
3.514158116487124062e+00
3.741221614904134185e+00
3.754220884575715900e+00
3.876832974458466197e+00
3.882531298821959354e+00
4.114314145772368647e+00
4.116493982101474103e+00
4.314571753192467440e+00
4.405363999939709174e+00
4.406675660344262724e+00
