-1.365368717415549327e-01
7.670454854305717163e-01
1.704470174903690349e+00
1.959889150133676594e+00
2.419153308303066297e+00
2.688569856742105912e+00
3.006487427977845073e+00
3.022721622892277082e+00
3.304770469487266382e+00
3.306243072493089130e+00
3.487117832399235340e+00
3.714153894456103444e+00
3.721977856985176913e+00
3.847874630369915394e+00
3.853486584266647696e+00
4.080740768495161319e+00
4.086247764575091423e+00
4.278911872374010272e+00
4.373486558139120461e+00
4.374797704647789942e+00
