-9.766861855541719706e-02
8.040565986291312583e-01
1.741187696664496798e+00
1.998974551948208500e+00
2.460234435079769355e+00
2.730491367706804340e+00
3.051899601203331258e+00
3.067752533882185162e+00
3.350790650947828908e+00
3.352712227158122005e+00
3.535805256222715798e+00
3.763512759190916768e+00
3.776781675070878919e+00
3.899238849395146644e+00
3.905105165743634643e+00
4.140128432047504248e+00
4.141941403554028511e+00
4.343469282020350875e+00
4.429162941939921438e+00
4.430367226003113501e+00
