-1.315596295116847614e-01
7.753621306492277654e-01
1.718836963458670652e+00
1.974830097506128368e+00
2.436137151002185419e+00
2.711045453617771273e+00
3.030238946885219775e+00
3.042900213187749614e+00
3.329490049925880157e+00
3.330924080260956543e+00
3.513031971060627257e+00
3.737725684661199921e+00
3.756158172047435073e+00
3.875907769706827821e+00
3.881737761796102859e+00
4.115726107856971794e+00
4.116202316656199400e+00
4.315744236231694231e+00
4.404602467504446395e+00
4.405938388925278559e+00
