-1.341909357452095719e-01
7.698288864212372573e-01
1.707690378019833588e+00
1.963427345328454976e+00
2.423436487213621149e+00
2.693670941516757011e+00
3.012100069063308183e+00
3.027883113323696307e+00
3.310668498592349351e+00
3.312354196001251694e+00
3.493163816297965241e+00
3.720074987288171542e+00
3.730275884430739097e+00
3.854894594187499024e+00
3.860543617693110718e+00
4.089210720685514389e+00
4.093786735853427672e+00
4.288093299164756900e+00
4.381029232179571409e+00
4.382333326593652600e+00
