-1.218097652663345798e-01
7.883700724560185336e-01
1.735677309321545181e+00
1.992401798362607224e+00
2.454828007761534536e+00
2.733853861130683072e+00
3.054502928443525889e+00
3.062310775477726565e+00
3.354002435865368170e+00
3.355550904460869788e+00
3.538215537942051014e+00
3.758289018534924253e+00
3.788773899155785330e+00
3.902198652657261846e+00
3.907848153033228300e+00
4.143310466364255262e+00
4.149602862555184402e+00
4.350020628669426515e+00
4.431833246279893501e+00
4.433123373002217704e+00
