-9.505857834449216170e-02
8.058132278067660081e-01
1.738766460401393488e+00
1.995262672908893364e+00
2.453829073566907937e+00
2.718215071175336561e+00
3.037438692883370095e+00
3.057089972690391733e+00
3.334513541403453019e+00
3.336436163523217147e+00
3.517319140420909207e+00
3.746776062016692777e+00
3.747320874728757190e+00
3.877427974677630118e+00
3.883236456729605379e+00
4.106877682790468498e+00
4.117020542203476907e+00
4.307737683001732876e+00
4.401243386466830998e+00
4.402425250826013325e+00
