-1.164735686297717621e-01
7.929459491706438712e-01
1.740380120988902490e+00
1.997746154618198489e+00
2.460429191306502616e+00
2.740522942084226088e+00
3.060578201619591709e+00
3.069615222068478033e+00
3.360893908792604634e+00
3.362488167100764258e+00
3.545596811684390559e+00
3.767772547310414666e+00
3.797003055467030208e+00
3.910441379412077367e+00
3.916208783882211719e+00
4.151853531166580069e+00
4.158432388625442400e+00
4.359781902200666082e+00
4.442416020010568900e+00
4.443744848507321876e+00
