-1.255690640200555208e-01
7.914633097580008325e-01
1.745071085807467171e+00
1.999813177598298353e+00
2.459483335590448405e+00
2.748439916294046270e+00
3.064042253575280483e+00
3.066545375068926660e+00
3.364856447939928330e+00
3.366339831958612194e+00
3.548281926146955811e+00
3.758054547619394725e+00
3.806126831552319345e+00
3.910025015716200869e+00
3.915538377528719138e+00
4.150337884861983184e+00
4.165719549744608230e+00
4.364316301859616942e+00
4.437534557893741294e+00
4.438840060811344301e+00
