-9.026913862084029461e-02
8.227876032757990288e-01
1.780316717823097861e+00
2.039289348530530788e+00
2.506997220237451529e+00
2.795650608369214751e+00
3.120176145276673196e+00
3.120885349117656915e+00
3.424340429752078308e+00
3.427171770406573614e+00
3.611688001307243212e+00
3.823675636317091175e+00
3.881414655308674355e+00
3.978583889126809936e+00
3.983725007657426431e+00
4.223290675925227333e+00
4.245020885975975489e+00
4.448684290194137247e+00
4.515503117027549251e+00
4.516599656570349453e+00
