-1.123684677777418983e-01
7.996947704200465523e-01
1.751117648042509245e+00
2.007750646678687190e+00
2.471256039482796041e+00
2.755401729302093372e+00
3.076147443004174420e+00
3.080178517813692451e+00
3.377062005210063944e+00
3.378421035235760428e+00
3.562589786784883472e+00
3.779747752168304942e+00
3.817893915886770628e+00
3.926878703266311277e+00
3.932338566563885252e+00
4.169642661579246123e+00
4.181691239172550922e+00
4.383702207042915688e+00
4.460677012873247804e+00
4.462049351736823155e+00
