-1.211404072587356495e-01
7.878397563072212506e-01
1.733926516001247364e+00
1.990727199590310192e+00
2.453407473252809723e+00
2.730805679036166111e+00
3.051461787130392622e+00
3.061214571889195213e+00
3.351080090344566997e+00
3.352636918312782655e+00
3.535327670657807175e+00
3.757457159857040097e+00
3.784302942766771594e+00
3.899504406016603753e+00
3.905167758353854879e+00
4.140641514750313945e+00
4.145086946360152069e+00
4.345522071630512073e+00
4.429470649114136904e+00
4.430762277704161534e+00
