-1.371615686584846117e-01
7.753988132972153835e-01
1.723441872367402539e+00
1.977876892739004688e+00
2.437455369046801934e+00
2.719026529324764851e+00
3.036979845008318080e+00
3.041228906738979276e+00
3.334986655416287249e+00
3.336486959098692751e+00
3.517622267765545985e+00
3.733985115151881473e+00
3.767183807118271943e+00
3.878905733887222596e+00
3.884463438378588762e+00
4.118099583018192789e+00
4.125272383356787032e+00
4.323432290424534585e+00
4.405041741392778931e+00
4.406349535111075966e+00
