-9.819713915430838824e-02
8.139912512380078624e-01
1.767153474860492679e+00
2.026893738395756372e+00
2.492492616368167546e+00
2.778112205801903656e+00
3.101723182905516296e+00
3.105921099187298751e+00
3.402844418136623972e+00
3.404805670432324405e+00
3.590100943591323812e+00
3.808217834795300405e+00
3.851679778540074039e+00
3.957137128647332247e+00
3.963141937404088821e+00
4.202874745714098026e+00
4.217495981704928454e+00
4.422557002320559150e+00
4.492731689269021444e+00
4.493972411106142317e+00
