-1.049801706119524169e-01
7.979227183089960818e-01
1.736066143792299954e+00
1.992022776555586461e+00
2.453751033723847286e+00
2.723895757860645972e+00
3.044997754821224589e+00
3.058950341580157328e+00
3.344612594823274776e+00
3.345729529652430756e+00
3.529230550087390839e+00
3.754607352919151708e+00
3.769266078624696092e+00
3.891807931762514272e+00
3.897429975536624625e+00
4.132801312026458618e+00
4.133935067450465795e+00
4.332900116862219875e+00
4.420758457551414722e+00
4.422129132115628636e+00
