-1.208350237102422398e-01
7.828492312651178509e-01
1.721238614594767569e+00
1.977130117698834511e+00
2.437735489864280680e+00
2.708040639676710271e+00
3.027701645087745419e+00
3.042667038724175654e+00
3.326275370344774274e+00
3.327813092478663748e+00
3.509445097306070238e+00
3.735609174464116222e+00
3.749052202581424353e+00
3.871861207318488596e+00
3.877473093296885054e+00
4.108799175841795659e+00
4.111560543556606717e+00
4.308373729593313328e+00
4.399004744025660329e+00
4.400284470033966500e+00
