-1.116787006351387390e-01
7.986364050166230300e-01
1.748266133193055794e+00
2.005050935125154865e+00
2.468939208317124212e+00
2.750664956251284821e+00
3.071481667357375045e+00
3.078310123212077087e+00
3.372573547209867684e+00
3.373944416744961927e+00
3.558152850328497152e+00
3.778224628547604880e+00
3.811111461859354677e+00
3.922714276186979987e+00
3.928196183064528668e+00
4.165519647744986287e+00
4.174888684404777450e+00
4.376944302162428357e+00
4.456953565669209638e+00
4.458326710433993867e+00
