-1.320789171750220703e-01
7.756960783899558010e-01
1.720035621117858682e+00
1.975960746343844221e+00
2.437072477838228224e+00
2.713144925677624997e+00
3.032311736489646137e+00
3.043596285629973863e+00
3.331470565217387048e+00
3.332898506709170761e+00
3.514981237854954088e+00
3.738225822098684148e+00
3.759219858689903049e+00
3.877709903699724237e+00
3.883530822098691715e+00
4.117502080276608467e+00
4.119277212499582674e+00
4.318797400510447915e+00
4.406162159188170335e+00
4.407497345775482245e+00
