-6.790640205178988253e-02
8.764436333773630849e-01
1.869168172303744768e+00
2.126655108846136955e+00
2.585972983476040099e+00
2.919242232665823167e+00
3.197270613796547423e+00
3.243924560328196094e+00
3.540847429981823780e+00
3.541674536272807927e+00
3.724541302892077965e+00
3.888608514052549481e+00
4.047544830546627281e+00
4.089399542064370507e+00
4.092356348077885286e+00
4.323002306735617140e+00
4.411188022867975178e+00
4.606284512143588472e+00
4.619942454194870152e+00
4.620796089905894632e+00
