-8.163862105774910560e-02
8.346651055891243232e-01
1.794496762406794232e+00
2.053577001769838262e+00
2.523728864551827655e+00
2.817964167364408468e+00
3.138980111328208977e+00
3.142139349967465023e+00
3.442475913984452518e+00
3.442566364447458227e+00
3.632819042513517616e+00
3.844614496429670680e+00
3.902221437005522375e+00
3.998995617600144215e+00
4.001490278616955720e+00
4.246159037312139617e+00
4.273699064563771799e+00
4.471348056190436182e+00
4.540609602703170822e+00
4.541804905543926907e+00
