-1.344267405274877092e-01
7.726827974165644264e-01
1.714912273673689924e+00
1.971181410759527353e+00
2.432379153871806921e+00
2.706524248855203041e+00
3.025509940338451997e+00
3.038484767681438825e+00
3.324675976924481802e+00
3.326372622323106043e+00
3.507784493029248551e+00
3.732588203180057462e+00
3.749975235534293461e+00
3.870507152392747230e+00
3.876179790608148323e+00
4.109493678877697675e+00
4.110210608962006518e+00
4.308861553727183491e+00
4.398243771216584719e+00
4.399553551022108877e+00
