-1.294392970412445720e-01
7.790648304462592932e-01
1.723821617833891651e+00
1.980150581137422705e+00
2.441531061364003108e+00
2.718208282501109352e+00
3.037899632369772007e+00
3.048001418353123881e+00
3.337347291161677276e+00
3.338891279471681628e+00
3.520940846443409100e+00
3.743614265317773970e+00
3.766093030146294041e+00
3.883769279884290881e+00
3.889490845363980043e+00
4.123928138353221584e+00
4.126862793798864004e+00
4.326892696121831250e+00
4.413175049897290592e+00
4.414485022804001346e+00
