-7.852118273038399821e-02
8.198441382381531639e-01
1.745929702501484826e+00
1.999411855666579640e+00
2.458247773902144218e+00
2.713873724391675069e+00
3.031702171590069383e+00
3.057817669998456722e+00
3.325148448616005226e+00
3.325521319277470411e+00
3.508264986405123409e+00
3.718723635945110573e+00
3.744044771561362950e+00
3.863099396347990933e+00
3.865563643663051607e+00
4.081837225722125595e+00
4.102168021982834034e+00
4.271405367716084811e+00
4.385672371912534118e+00
4.387194218194792938e+00
