-8.172984326694177071e-02
8.343479490526988229e-01
1.793972930169871915e+00
2.053129525054458782e+00
2.523364822295604881e+00
2.817262661808314306e+00
3.138682885270782208e+00
3.141535788697808584e+00
3.441921900862666917e+00
3.442011305495412898e+00
3.632301085683195652e+00
3.844373855141441254e+00
3.901373146265314062e+00
3.998515711973482212e+00
4.001009350580119417e+00
4.245714122618949204e+00
4.272958862806291336e+00
4.470665699550210093e+00
4.540185781983637980e+00
4.541382117286332232e+00
