-9.785791342562788486e-02
8.146906591525748809e-01
1.768158148180532407e+00
2.027710218530387465e+00
2.493154262260304677e+00
2.779331268410714983e+00
3.102698064572336989e+00
3.106475859011538887e+00
3.403709265740872070e+00
3.405670544461258942e+00
3.590888013188873629e+00
3.808687065719595921e+00
3.853010590013809633e+00
3.957862409315339391e+00
3.963860218949548653e+00
4.203529610877353662e+00
4.218559463062206305e+00
4.423461527846825447e+00
4.493386978184616964e+00
4.494626781260308235e+00
