-1.312911427248764085e-01
7.721773489902261645e-01
1.710718164873469505e+00
1.966064322010424803e+00
2.425942151301569538e+00
2.696566113227163441e+00
3.015063979144542827e+00
3.030722307394171366e+00
3.313581409593098215e+00
3.315002585715774330e+00
3.496395351621686132e+00
3.723275794793153182e+00
3.733910904116783058e+00
3.858082691356685245e+00
3.863880958664594800e+00
4.093212578749444219e+00
4.096947104180799215e+00
4.292160431066804449e+00
4.384856856915575918e+00
4.386185215284058359e+00
