-1.054938727215812833e-01
8.060553809050361451e-01
1.757246232016086651e+00
2.014784318719307521e+00
2.480035963187901871e+00
2.762526395499548926e+00
3.085401978254139976e+00
3.090035123918710269e+00
3.386889765705177524e+00
3.388081560235150391e+00
3.573389170016412208e+00
3.791261009266577275e+00
3.829841053836503306e+00
3.938896457183773236e+00
3.944576529670143827e+00
4.183571897988144883e+00
4.195410755542070547e+00
4.397096829402244111e+00
4.472705201156031762e+00
4.474111713289971703e+00
