-1.286144001251159352e-01
7.749840450924239121e-01
1.713045165931362135e+00
1.968754496016117628e+00
2.428794065703186789e+00
2.698957389402494300e+00
3.017936440819539712e+00
3.033355638509419805e+00
3.316695707460894482e+00
3.318229172830797324e+00
3.499507384582102532e+00
3.726675835737296438e+00
3.736604799310953240e+00
3.861200459439714905e+00
3.866899496974838257e+00
4.096557919609949749e+00
4.100313996043951192e+00
4.295948591020533058e+00
4.388734571403801965e+00
4.390037793104056618e+00
