-1.215232941153772117e-01
7.971931565275554021e-01
1.752766204137969908e+00
2.007661662462396635e+00
2.467723620522974670e+00
2.758946451591782534e+00
3.072982690941444162e+00
3.077624612379167957e+00
3.375676465461765474e+00
3.377189770637869515e+00
3.559169952826778172e+00
3.767190609429235337e+00
3.821695511825964786e+00
3.921798085565114889e+00
3.927355119739331712e+00
4.162324471139982052e+00
4.180599268690002646e+00
4.379734693617592711e+00
4.449463134717007051e+00
4.450738263903986081e+00
