-1.207460325945248769e-01
7.828589049154288659e-01
1.721244313931038050e+00
1.977065434535234090e+00
2.437569480165166169e+00
2.708105240951226733e+00
3.027666268919801951e+00
3.042381204450975929e+00
3.326160385326147662e+00
3.327697251603694895e+00
3.509296805102621875e+00
3.735190759486158640e+00
3.749226925263883459e+00
3.871641551922493818e+00
3.877249854042020161e+00
4.108852137025678530e+00
4.111299337670516252e+00
4.308366845263662981e+00
4.398690395290032029e+00
4.399969280665118276e+00
