-6.928088529136289253e-02
8.461678333808038133e-01
1.810024328413334160e+00
2.073137964619718332e+00
2.540356269383210019e+00
2.832538370914733150e+00
3.160817741033866923e+00
3.163298903351574154e+00
3.464077571140848022e+00
3.465097281736859713e+00
3.651842388631052927e+00
3.858273125688668870e+00
3.933131069643536648e+00
4.019114081987538611e+00
4.023746987263763231e+00
4.255654068274907331e+00
4.298889442329738131e+00
4.500399359138185673e+00
4.555168863365395282e+00
4.556385020760274074e+00
