-1.248028040772624081e-01
7.789783388570867828e-01
1.717523895715203253e+00
1.973178878910403000e+00
2.433429736952348321e+00
2.704068817586630757e+00
3.023076301835317281e+00
3.037814690652339777e+00
3.321868583463583491e+00
3.323363746915674710e+00
3.505031041419897520e+00
3.730782607630317216e+00
3.742988596792201861e+00
3.866696723627683241e+00
3.872280302427498100e+00
4.103298646553412254e+00
4.106294026069008396e+00
4.302290190553321736e+00
4.393822972385351022e+00
4.395133990292379167e+00
