-8.715097619921152727e-02
8.119607366616037325e-01
1.743592713039959108e+00
1.998519563421154999e+00
2.457361801789772926e+00
2.718102408182289764e+00
3.036771151867753815e+00
3.058320919474510902e+00
3.335750544524842098e+00
3.338530657386570510e+00
3.517620559539807346e+00
3.743820882004001760e+00
3.745874388941217603e+00
3.875661519604705063e+00
3.880109372622712272e+00
4.101742764303082822e+00
4.113104192268338011e+00
4.298891916565310112e+00
4.397954294926137209e+00
4.398996826222912659e+00
