-1.118961276872596500e-01
8.109126762103642250e-01
1.772811685242231761e+00
2.027152987137696982e+00
2.487662051782990602e+00
2.787218056138044631e+00
3.093823078485229416e+00
3.105493212857481922e+00
3.404618922607369313e+00
3.405935414764144298e+00
3.589269315171122798e+00
3.791207078188563173e+00
3.859639104047801084e+00
3.951862937306486856e+00
3.957208965321797223e+00
4.193877586973485450e+00
4.221071096869764006e+00
4.421499763567908303e+00
4.483203145515972210e+00
4.484559630377589201e+00
