-6.892772350676068527e-02
8.468512517516728622e-01
1.810935555615969861e+00
2.073791011305644361e+00
2.540827813555665671e+00
2.833556971473569774e+00
3.161159874048536267e+00
3.163969947360016022e+00
3.464639365020843798e+00
3.465642289180522084e+00
3.652287818693849886e+00
3.858552287511543000e+00
3.934062056911614036e+00
4.019499049112567945e+00
4.024149011479607907e+00
4.255990113881551906e+00
4.299467711070690257e+00
4.500797237500194115e+00
4.555503296373586863e+00
4.556723966500015877e+00
