-1.346737782459968003e-01
7.789432842364476528e-01
1.727485780193092069e+00
1.982424731111677829e+00
2.441822584181863931e+00
2.725231202181021217e+00
3.042795247994945385e+00
3.046203848201912479e+00
3.340866796670525218e+00
3.342537214819458313e+00
3.523454856516764266e+00
3.738933598780931788e+00
3.774674573211086681e+00
3.885110411079949699e+00
3.890710576291894540e+00
4.124385589566372801e+00
4.132829844977095490e+00
4.331287050978062325e+00
4.411294094943514210e+00
4.412592762226267951e+00
