-1.057758529466354958e-01
8.053846045555701494e-01
1.756228399215956415e+00
2.013928114580949114e+00
2.479328057164480015e+00
2.761226845864939605e+00
3.084309723899650635e+00
3.089430456782110923e+00
3.385901820994263289e+00
3.387092810645185637e+00
3.572467647159442095e+00
3.790742324989651024e+00
3.828338260294572137e+00
3.938038754842068556e+00
3.943722862418439945e+00
4.182771631807440826e+00
4.194136927242539059e+00
4.395950918304720290e+00
4.471923987326249517e+00
4.473331850994554770e+00
