-8.119110854471500716e-02
8.188976156658611671e-01
1.753013709659882124e+00
2.008902889290567373e+00
2.472586739093486585e+00
2.740679417284781039e+00
3.062034353862173930e+00
3.079371341603462042e+00
3.358862049365370694e+00
3.359023827416876884e+00
3.545979465530081143e+00
3.775402267185427263e+00
3.780312762159070417e+00
3.906725164037624154e+00
3.909061458665547661e+00
4.148766831375212405e+00
4.150375176614119255e+00
4.343494203031156076e+00
4.440131878030797452e+00
4.441463706854847260e+00
