-1.366852029386791401e-01
7.671102838430670090e-01
1.705474989190406632e+00
1.960646058654674562e+00
2.420778399602568243e+00
2.690505509686772712e+00
3.009222428139764816e+00
3.024618630181066692e+00
3.307675376767292619e+00
3.309191455700783990e+00
3.490231285864865640e+00
3.716882391952822218e+00
3.727163032923272112e+00
3.851590927286451915e+00
3.857194954242004314e+00
4.085951676526747178e+00
4.090441551412368426e+00
4.284510973255237332e+00
4.377686799289222108e+00
4.378999510383437155e+00
