-1.168054099402979773e-01
8.035153285491105635e-01
1.761615393341344316e+00
2.016864686779172189e+00
2.476601374352867424e+00
2.772258138356846757e+00
3.082968467135742685e+00
3.090085137670939730e+00
3.388660074249855825e+00
3.390202729742213705e+00
3.572520489026373980e+00
3.778887480345019867e+00
3.839115770796524885e+00
3.935647323171906464e+00
3.941303459562732314e+00
4.176372405715028435e+00
4.198472395349654107e+00
4.398379379687412438e+00
4.465043166024315724e+00
4.466355813880454662e+00
