-1.367211007018340752e-01
7.671318715874804184e-01
1.705530308096058434e+00
1.960729396410897607e+00
2.420905051563750021e+00
2.690574877415201627e+00
3.009331020512036048e+00
3.024798328544420656e+00
3.307816947504761629e+00
3.309333281766157597e+00
3.490387537272908958e+00
3.717122100260894513e+00
3.727230446649627993e+00
3.851779086951864883e+00
3.857384356368129374e+00
4.086066490734083345e+00
4.090648711317044217e+00
4.284648944034415763e+00
4.377917911402619211e+00
4.379230932681821287e+00
