-1.390581132618535776e-01
7.671852833700540941e-01
1.708684459441428771e+00
1.964740560266363900e+00
2.425283895456232131e+00
2.698438896582956659e+00
3.017048814072040841e+00
3.030802448152826400e+00
3.316061182958947029e+00
3.317539985138864722e+00
3.499185617212788202e+00
3.724610907407623017e+00
3.739167327614268288e+00
3.861174701043637469e+00
3.866806650617945706e+00
4.098788551906181965e+00
4.100578000263340073e+00
4.297647464303736342e+00
4.388930702541983919e+00
4.390247285336954519e+00
