-1.064289357162806482e-01
8.069599644762774915e-01
1.760069044495139678e+00
2.017547062721291695e+00
2.482462809436697171e+00
2.767444686669705334e+00
3.090398041088747050e+00
3.091995314617179247e+00
3.391757416369500788e+00
3.392940273835051812e+00
3.578244432073688586e+00
3.792872951509139057e+00
3.837124901017887169e+00
3.943460430652748983e+00
3.949107265920247301e+00
4.188146061791826469e+00
4.202906914199161292e+00
4.404608079695435663e+00
4.476797894159972202e+00
4.478205570054569762e+00
