-1.252836017965819337e-01
7.829643041968665784e-01
1.728021033782169980e+00
1.984524329893247341e+00
2.446598718982386345e+00
2.723079987077653641e+00
3.043025664469496405e+00
3.053471343365345092e+00
3.342766280471550999e+00
3.344282690921318135e+00
3.526881868952841614e+00
3.749312105214812618e+00
3.772543433618011477e+00
3.890049234778416576e+00
3.895667247599703842e+00
4.130912313918088330e+00
4.133875060956597736e+00
4.333665564844523033e+00
4.419621322654165851e+00
4.420942237882627524e+00
