-9.733044559482095792e-02
8.047169577727117940e-01
1.742104427303729608e+00
1.999697874136472819e+00
2.460788494182452268e+00
2.731562967525519525e+00
3.052721662262342761e+00
3.068179393420450651e+00
3.351491204743524577e+00
3.353412637204542079e+00
3.536424779989829403e+00
3.763830926518721753e+00
3.777895094812947718e+00
3.899781205705835418e+00
3.905640447042401320e+00
4.140968454721132730e+00
4.142406584331865815e+00
4.344145258324488168e+00
4.429615569820157361e+00
4.430818954090568695e+00
