-8.138837989082503555e-02
8.180600992523068271e-01
1.751170147555768608e+00
2.007106052649561434e+00
2.470798162603614401e+00
2.737506018969156685e+00
3.059004488616778872e+00
3.077535362467756386e+00
3.355873420878964453e+00
3.356042258421354063e+00
3.542983236358054455e+00
3.773485128539505240e+00
3.775582481464084594e+00
3.903695116472079008e+00
3.906030116311967504e+00
4.144252464512817369e+00
4.147350025261800965e+00
4.339041097925445456e+00
4.437051737173504762e+00
4.438392447737584234e+00
