-1.251580146054038778e-01
7.831367736007450731e-01
1.728229570760959177e+00
1.984693401055665163e+00
2.446742507867384120e+00
2.723305347135465126e+00
3.043196481712584500e+00
3.053605853154294891e+00
3.342915095385251334e+00
3.344431908210026450e+00
3.527016291774998535e+00
3.749439999765854736e+00
3.772761847279980429e+00
3.890177403297457204e+00
3.895795099363567715e+00
4.131028389862876793e+00
4.134031054745719302e+00
4.333788101323989395e+00
4.419748023323336383e+00
4.421068717572779860e+00
