-1.393084482151607517e-01
7.724548924270493444e-01
1.719308158448257018e+00
1.974227814931509783e+00
2.433232659088389482e+00
2.714236961724964203e+00
3.031638888893212425e+00
3.037282063032762380e+00
3.329718229873833479e+00
3.331174203271075385e+00
3.512402175685565453e+00
3.729922245991474483e+00
3.760019209868914913e+00
3.873476368065894349e+00
3.879045119792863261e+00
4.112517426074191462e+00
4.118485893555771327e+00
4.316566653265908826e+00
4.399916025598940905e+00
4.401223156452033436e+00
