-1.085727523884543189e-01
7.940007504698769480e-01
1.730281646287266994e+00
1.985027318530228513e+00
2.444475244112027212e+00
2.712706403795891674e+00
3.030859534799901667e+00
3.047312542220424803e+00
3.329317797671819790e+00
3.330669642055909208e+00
3.511963492937638875e+00
3.739099661446743994e+00
3.745190128341164382e+00
3.872121580508292027e+00
3.877494872742317966e+00
4.105485437936977178e+00
4.111095650247989397e+00
4.304642643848865191e+00
4.398576449271558886e+00
4.399913382373370041e+00
