-8.943110791909703039e-02
8.112026528007731940e-01
1.749413942412218148e+00
2.005781632962111871e+00
2.467966500964166698e+00
2.738508156753653111e+00
3.059897118803462490e+00
3.074385737113857431e+00
3.361121153138014961e+00
3.363893280453339685e+00
3.545780018206812656e+00
3.768992188679760602e+00
3.790597706112521337e+00
3.908113762110303924e+00
3.912856110100563001e+00
4.149332081372790526e+00
4.151568109926870420e+00
4.352447036897160615e+00
4.438176681399795598e+00
4.439234805061573752e+00
