-1.165122267902916064e-01
7.927961364534894528e-01
1.740125390048888221e+00
1.997523996175459615e+00
2.460241878207398258e+00
2.740172280135993788e+00
3.060266012766987842e+00
3.069456609223834676e+00
3.360604743882049661e+00
3.362199348387093778e+00
3.545320267830447847e+00
3.767636580033013161e+00
3.796566217426061485e+00
3.910182493888896715e+00
3.915951082502033387e+00
4.151605097054016369e+00
4.158035408051546256e+00
4.359409475445772841e+00
4.442181018214341748e+00
4.443510073622292111e+00
