-1.318052944934606785e-01
7.822965779305377509e-01
1.732759268021254684e+00
1.987280874353018589e+00
2.446601841567826341e+00
2.731743002166695078e+00
3.049372505874998751e+00
3.051469076022840454e+00
3.347423215631351923e+00
3.348826977615317446e+00
3.530392091364774387e+00
3.744786245255454560e+00
3.783487603617686545e+00
3.892095414474169957e+00
3.897847540827569901e+00
4.131442684747526073e+00
4.142045760241671815e+00
4.340585188145269058e+00
4.419090697725550854e+00
4.420414845419145422e+00
