-1.398855969971464219e-01
7.627411722673969052e-01
1.687821984553920629e+00
1.847656182479113340e+00
2.141702580392347954e+00
2.539624833196967302e+00
2.649303052978666528e+00
2.857014772397178604e+00
3.009754451248909390e+00
3.051303715254334747e+00
3.051776190707869318e+00
3.174672670076688519e+00
3.413358058886160507e+00
3.415048060878461911e+00
3.529797270630979256e+00
3.579544624785285123e+00
3.652835488205482761e+00
3.759273496491232436e+00
3.759933353449468996e+00
3.851168675635108229e+00
