-1.310765721432289865e-01
7.838911701742290461e-01
1.728412335809252909e+00
1.890653602707288883e+00
2.187859773674517783e+00
2.590162044601811431e+00
2.714565884520197869e+00
2.924516388947040468e+00
3.067354100620832469e+00
3.120704738600124983e+00
3.121188687255653349e+00
3.246483865398204216e+00
3.487317792352769175e+00
3.489443393694500628e+00
3.594004198668699246e+00
3.657088595311051904e+00
3.752317137338422981e+00
3.839753030787960597e+00
3.840587049777695938e+00
3.932049017950930647e+00
