-1.397449458047503867e-01
7.623568140031693474e-01
1.686873752936662640e+00
1.846575834607392608e+00
2.140390360835908723e+00
2.538010296331776772e+00
2.647740518364571471e+00
2.855282992517231833e+00
3.007791222119067243e+00
3.049421674677205374e+00
3.049893821318164555e+00
3.172692516074448577e+00
3.411197776690187311e+00
3.412886351856968759e+00
3.527454063893856073e+00
3.577256958269799725e+00
3.650604860533121609e+00
3.756851478877706541e+00
3.757510777596507978e+00
3.848678870601133895e+00
