-1.710844706976786256e-01
7.377718903699133079e-01
1.670576960626931395e+00
1.830418483121320605e+00
2.124854823588975705e+00
2.522809794096247060e+00
2.637273116488358937e+00
2.844353111529926537e+00
2.994571480834565591e+00
3.038958851928327931e+00
3.039300422544329194e+00
3.162008059778600000e+00
3.400642834061727626e+00
3.402823406489915214e+00
3.514801394499954768e+00
3.566513885343738366e+00
3.644145437876431970e+00
3.746527661834988976e+00
3.747162802046659635e+00
3.838083377118891804e+00
