-1.307259210875599820e-01
7.702838714139943477e-01
1.695307636478901259e+00
1.855939819434297533e+00
2.149733852545750779e+00
2.547044593474311114e+00
2.656461195442943790e+00
2.864495032995364454e+00
3.018188593770673833e+00
3.059169349340209010e+00
3.059624399501672087e+00
3.182895554141623506e+00
3.421193941715500841e+00
3.423276936699721773e+00
3.538239904902184207e+00
3.588290643843492944e+00
3.663360216316277729e+00
3.768740612902774956e+00
3.769553144715018789e+00
3.859773168918081865e+00
