-9.054259107392681472e-02
8.595348159481943640e-01
1.844930915720794928e+00
2.004254930912395594e+00
2.298720162877316397e+00
2.697553947783035255e+00
2.874398562748723407e+00
3.082588044151805207e+00
3.177387484101899418e+00
3.276247836454473372e+00
3.276627519785137110e+00
3.405119345826392419e+00
3.643335736567792082e+00
3.644469488042460625e+00
3.695835706803308085e+00
3.808879719876784975e+00
3.966641485031175307e+00
3.987131357745482774e+00
3.987663764400281252e+00
4.079664648085810086e+00
