-1.212386749779170714e-01
7.995027059015455961e-01
1.751424475891667498e+00
1.913281011421304356e+00
2.211310052699445805e+00
2.614641445243364615e+00
2.748265061966662870e+00
2.958181184837030742e+00
3.092152651961441734e+00
3.154404169037093197e+00
3.155680858320465632e+00
3.280385860211481486e+00
3.521488193786467491e+00
3.524839302516511452e+00
3.619280359797585334e+00
3.691988676078722165e+00
3.797919979345124375e+00
3.871738841444539503e+00
3.872093157163021715e+00
3.967384624576311580e+00
