-1.488288750861102017e-01
7.764901809396178578e-01
1.727536077011791349e+00
1.886825229096757539e+00
2.179987071981031477e+00
2.577781799896001758e+00
2.716699154991601972e+00
2.923303628904250218e+00
3.050079149018074531e+00
3.117312526247587812e+00
3.118047413549902558e+00
3.240730525382332416e+00
3.479126680845183728e+00
3.481325255782849126e+00
3.571691847845158918e+00
3.646346050285501406e+00
3.752039685160070803e+00
3.825382975443972100e+00
3.826006393558600394e+00
3.918443567094072932e+00
