-1.551220698293036548e-01
7.476758135953787132e-01
1.673097864113515243e+00
1.832614644536988635e+00
2.126299122183809232e+00
2.522836935041596007e+00
2.632082365610585839e+00
2.839055447162536439e+00
2.992560448579752119e+00
3.033361272960064525e+00
3.033686684940221312e+00
3.156126672501159192e+00
3.394171134846146742e+00
3.396488206574758806e+00
3.511595018781008548e+00
3.559607168747788819e+00
3.631698454581965052e+00
3.738885444227889820e+00
3.739517512046404590e+00
3.830597293966093275e+00
