-1.551965625030788942e-01
7.560674465848933323e-01
1.692957435649077524e+00
1.853372792429581750e+00
2.149009902179386700e+00
2.548429726453832700e+00
2.666376467328518629e+00
2.874360100730882550e+00
3.021667479035386350e+00
3.069490566525928443e+00
3.069828012674406637e+00
3.193427112592871708e+00
3.432915456289265421e+00
3.435271026317423093e+00
3.544618579892812704e+00
3.599902016777377867e+00
3.683478482267673826e+00
3.780422589151385182e+00
3.781065396380654420e+00
3.872889453437892371e+00
