-1.203015981118369382e-01
8.167526983536390617e-01
1.784784395138785840e+00
1.944456239213309345e+00
2.239205512723515312e+00
2.639078255446179355e+00
2.797666452804151049e+00
3.004909900039933746e+00
3.113434390841234745e+00
3.199205451209991224e+00
3.200379933043109304e+00
3.324006038575248567e+00
3.563127890599048442e+00
3.566459250745651843e+00
3.637760361360847128e+00
3.732276999766099834e+00
3.862968075497178688e+00
3.910371339638345489e+00
3.910744816387705214e+00
4.005822156879730755e+00
