-9.251157765604034466e-02
8.345673998175300312e-01
1.797203814046127945e+00
1.959605544458867143e+00
2.259130029733796619e+00
2.663295224816067730e+00
2.805118291310520817e+00
3.016946252605492873e+00
3.148576694163779166e+00
3.213198694233796004e+00
3.213242436524723189e+00
3.344597623833891475e+00
3.585315301314409453e+00
3.587004142601216472e+00
3.671057629385558130e+00
3.753319940699867630e+00
3.876409357008100187e+00
3.933339649180823017e+00
3.934006493417626871e+00
4.025548185089121489e+00
