-9.218254554457416816e-02
8.021605122864912119e-01
1.718626709188470159e+00
1.878184913821428381e+00
2.172546361111614033e+00
2.568981523594175087e+00
2.668309456836908566e+00
2.876908463942697836e+00
3.045212317874131713e+00
3.070435714503446434e+00
3.070968394713815997e+00
3.199498365517115417e+00
3.435963534331676783e+00
3.438460026295388161e+00
3.556577912835734878e+00
3.600336110586823679e+00
3.669190228481596705e+00
3.776482482193245005e+00
3.777336860640872374e+00
3.865132436832254825e+00
