-1.708792019180691568e-01
7.325502553067053668e-01
1.658187525188623113e+00
1.817425535073198262e+00
2.110576499264425365e+00
2.506649903098150389e+00
2.616002890501476941e+00
2.822398563883325551e+00
2.976122488913460984e+00
3.016450713934318628e+00
3.016786827813120908e+00
3.138751438495091861e+00
3.376441219979824382e+00
3.378602581316954456e+00
3.493802023471289431e+00
3.541315875092550414e+00
3.612271895106459851e+00
3.720537959939974826e+00
3.721167661909930757e+00
3.811611883229488740e+00
