-1.070844390237652988e-01
8.366344716184812569e-01
1.812639316192814931e+00
1.972143444087976150e+00
2.267122057333665452e+00
2.666435136804068406e+00
2.835338455298085591e+00
3.043230718261895618e+00
3.141519951745806338e+00
3.235995362693643074e+00
3.236336886753576891e+00
3.361050959266094651e+00
3.599751900733394905e+00
3.601346833419086124e+00
3.670679168163189843e+00
3.768930909194011747e+00
3.907643784491881433e+00
3.946252866632733003e+00
3.946463550359396777e+00
4.044148387080440443e+00
