-1.670429192545270780e-01
7.516776105585449841e-01
1.693775377656493220e+00
1.852872390558331972e+00
2.145587267295923084e+00
2.542308040978241479e+00
2.670982414714671904e+00
2.877013497207371984e+00
3.012552176729514031e+00
3.070709734685806325e+00
3.071319099399261177e+00
3.193262755416071741e+00
3.430864731106339605e+00
3.433032708475366235e+00
3.531570134060530108e+00
3.596474676893194555e+00
3.689305906096706167e+00
3.775855020234303083e+00
3.776458619844561326e+00
3.867730616928383824e+00
