-1.665335857651371043e-01
7.370149235866847448e-01
1.662077862241858384e+00
1.821692922530928627e+00
2.114765526317569311e+00
2.511250578891122132e+00
2.620375653736118693e+00
2.827035225940562668e+00
2.980616918941450422e+00
3.021184670218644897e+00
3.021789360745970043e+00
3.143492901717763743e+00
3.381118648982010200e+00
3.383306802572406013e+00
3.498128512830589898e+00
3.546201817574910820e+00
3.617910465165550704e+00
3.725606182710180292e+00
3.726215100337867625e+00
3.817006229412072571e+00
