-1.632476329104974866e-01
7.400266055374231655e-01
1.663708003787178313e+00
1.822986614844921860e+00
2.115466448374718311e+00
2.511028072211047402e+00
2.618786539049324347e+00
2.824909319593643886e+00
2.979171513172332197e+00
3.018706332066358300e+00
3.019301379354146775e+00
3.140459379323147004e+00
3.377497406721886364e+00
3.379680032943724655e+00
3.495117513681179844e+00
3.541839781111775665e+00
3.610735914948236314e+00
3.720679486334120156e+00
3.721288367141823983e+00
3.811722992426439305e+00
