-1.066753794319765802e-01
7.921455961356969055e-01
1.714006036158309598e+00
1.873725751821496033e+00
2.167460770270054127e+00
2.563647438343991780e+00
2.673486769857447598e+00
2.881574321688958662e+00
3.034471081644994683e+00
3.074590665776668175e+00
3.074944413203240856e+00
3.198313975977328028e+00
3.435687480621993473e+00
3.436475872447488200e+00
3.557929845174442107e+00
3.602758520494660388e+00
3.674838059762976172e+00
3.779645958283765594e+00
3.779850184186500428e+00
3.875270623397966574e+00
