-1.069149616359368338e-01
8.137846542041984321e-01
1.766577741953597069e+00
1.928860676943600083e+00
2.228050998774676827e+00
2.632088923674473335e+00
2.766124849167454158e+00
2.977153991205796046e+00
3.111979829705148859e+00
3.172411680250263544e+00
3.172804293972717460e+00
3.299200890050485668e+00
3.540542495303782289e+00
3.541868624270989585e+00
3.645367897321648343e+00
3.711544963684787035e+00
3.815954823020376807e+00
3.891556322298129089e+00
3.891798477330439709e+00
3.989408053386569009e+00
