-1.366495084519101511e-01
7.648337805592291261e-01
1.685756088126254326e+00
1.844861240161662863e+00
2.137419700000691591e+00
2.533030675137524668e+00
2.638427705524691191e+00
2.844852935842709485e+00
3.000030791079097980e+00
3.038301288269394718e+00
3.038752251850155517e+00
3.160254928867516355e+00
3.397379304211654016e+00
3.399065112882908579e+00
3.516047039651766681e+00
3.561666782549309573e+00
3.626981368218139323e+00
3.740050247051613042e+00
3.740711884350275795e+00
3.831005610653846816e+00
