-1.675342869566520676e-01
7.433271702066122089e-01
1.677718858632943011e+00
1.837980296948444447e+00
2.132377451789579936e+00
2.530819480718491832e+00
2.647405923407859518e+00
2.854814307118431316e+00
3.002604602561405045e+00
3.049548825667443452e+00
3.050164745323854731e+00
3.172685303201433271e+00
3.411293684799602488e+00
3.413501754206663463e+00
3.522884058738782187e+00
3.577479456551373005e+00
3.658395483011190663e+00
3.757669369317227392e+00
3.758282794531623949e+00
3.849649217185287853e+00
