-1.484778982044190343e-01
7.642577718593202007e-01
1.702859110214376415e+00
1.863806238595316245e+00
2.159462024541426217e+00
2.559914668062901910e+00
2.679637749845824146e+00
2.888134718433775561e+00
3.034614584287282923e+00
3.083621442914591171e+00
3.084375789625937614e+00
3.207877919585826021e+00
3.447765027284731332e+00
3.450017197126726387e+00
3.558180774106403987e+00
3.615817321995564271e+00
3.702635088777242345e+00
3.796190128006401210e+00
3.796828673674554011e+00
3.889306665097592486e+00
