-1.305180891429245094e-01
7.708568937375730457e-01
1.696145448425113500e+00
1.856773938237211041e+00
2.150606929106515963e+00
2.548010491309923964e+00
2.657460804526408538e+00
2.865486981320373161e+00
3.019281379452195324e+00
3.060192806779696184e+00
3.060648472176126234e+00
3.183921610683910330e+00
3.422277055764425313e+00
3.424363713107368312e+00
3.539480168271211369e+00
3.589395053602174812e+00
3.664410978516798423e+00
3.769906940427745212e+00
3.770719468354172932e+00
3.860952637844775381e+00
