-1.272323098273773212e-01
7.726659367046977422e-01
1.692469822383372957e+00
1.852137388505298077e+00
2.144052049754463951e+00
2.538449390887990376e+00
2.642229416165719158e+00
2.848502989254939166e+00
3.005575906388685326e+00
3.042083133599135181e+00
3.042531911822607071e+00
3.163928228777876939e+00
3.400297352888628666e+00
3.402409605671437021e+00
3.520642234147089766e+00
3.564922239506813639e+00
3.628929193965404920e+00
3.743533583478210858e+00
3.744337205981992156e+00
3.833442625041016072e+00
