-1.042232052561189448e-01
7.921852531873696535e-01
1.703590452176626968e+00
1.861940083413230695e+00
2.152674422835787027e+00
2.544013567516685725e+00
2.639951464128557745e+00
2.845457604811826968e+00
3.008536596905685201e+00
3.037261835076719763e+00
3.037599041382122778e+00
3.157696107372828465e+00
3.392163937835164234e+00
3.392461550415703186e+00
3.523882526965735451e+00
3.554957204748404820e+00
3.601903230396487743e+00
3.729270280033290419e+00
3.729479437898874039e+00
3.822594866596716656e+00
