-9.206157932214864559e-02
8.291011251823476869e-01
1.785637256656542604e+00
1.948488162403776869e+00
2.248990508724290294e+00
2.654375969465576190e+00
2.787566132488251469e+00
2.999768127555142883e+00
3.140882237908300567e+00
3.196415313358642152e+00
3.196465638743603677e+00
3.328229870941157742e+00
3.569546887983108263e+00
3.571444062457175050e+00
3.664353168366858426e+00
3.738077662039103188e+00
3.852648489049386171e+00
3.918685740565166498e+00
3.919400042249407079e+00
4.010641489846875629e+00
