-1.405863154220696742e-01
7.877251135585083830e-01
1.742872971231236079e+00
1.902107171003081021e+00
2.196064031746800538e+00
2.594975074252033664e+00
2.738823646876653584e+00
2.945913355246375431e+00
3.067237858933822281e+00
3.139732495405496593e+00
3.140247811953713608e+00
3.263811760168664478e+00
3.502906378068701088e+00
3.504578358176331676e+00
3.590479651833675234e+00
3.670331594888693871e+00
3.781215660375210064e+00
3.850122018970068893e+00
3.850765850667357881e+00
3.943032168494255529e+00
