-1.711754199568531476e-01
7.376411238365108147e-01
1.670410561491735280e+00
1.830267365250620060e+00
2.124719813968113158e+00
2.522685440202621976e+00
2.637077903094905196e+00
2.844179777097451733e+00
2.994454720985231688e+00
3.038798340850917157e+00
3.039139765372965485e+00
3.161854823611065513e+00
3.400497697315586265e+00
3.402678128662955714e+00
3.514690908617922105e+00
3.566374942034599371e+00
3.643930805428681197e+00
3.746389598982204916e+00
3.747024745865928708e+00
3.837949014323385200e+00
