-1.199987759870282389e-01
7.792279723956880844e-01
1.702635759424424577e+00
1.862534480722956687e+00
2.156545357658956164e+00
2.554011432564948336e+00
2.663445977325523017e+00
2.871200307677668206e+00
3.024302870628048368e+00
3.065630358708517633e+00
3.066976534193713633e+00
3.189038884760748260e+00
3.427146172818879677e+00
3.430290253724365357e+00
3.543487672712558378e+00
3.594460983764065531e+00
3.669834117314735522e+00
3.771929373379634853e+00
3.772206458930440931e+00
3.865789323172293734e+00
