-1.608827443524205592e-01
7.423652037814463256e-01
1.667670700710914389e+00
1.827207558190821146e+00
2.120406883131181530e+00
2.516710847332433332e+00
2.626961702274456911e+00
2.833379631343632354e+00
2.986226454460847890e+00
3.027405159161389747e+00
3.027911714272704558e+00
3.150076143548176333e+00
3.387864700135651219e+00
3.389835529597803543e+00
3.504622074005965260e+00
3.553112233620595362e+00
3.625249628238634614e+00
3.732530320955447678e+00
3.733170066387174302e+00
3.823827582869853359e+00
