-1.620125585150162806e-01
7.497434345896181185e-01
1.685947062289415044e+00
1.846241306473530130e+00
2.141035372489568545e+00
2.539647217606216145e+00
2.658560974755346251e+00
2.865874569191873888e+00
3.012045212432894914e+00
3.060605223646234663e+00
3.061116238483009511e+00
3.184265657070682209e+00
3.423249264479636622e+00
3.425242879929101036e+00
3.533727531516888121e+00
3.589803193988700514e+00
3.672588847609404183e+00
3.770140630602327292e+00
3.770787105914678250e+00
3.862130442387751827e+00
