-9.187162572314377940e-02
8.292874358184860739e-01
1.785784812930984344e+00
1.948582828733663064e+00
2.249035872952958925e+00
2.654398205652995557e+00
2.787642145098629953e+00
2.999759280062420430e+00
3.140879746611801693e+00
3.196368472374729208e+00
3.196420804575694774e+00
3.328145684558393214e+00
3.569451043353097930e+00
3.571355473738435649e+00
3.664344705312061024e+00
3.737964654666484421e+00
3.852584038773386510e+00
3.918587626426415227e+00
3.919303447740105639e+00
4.010518132998271312e+00
