-1.402607555758095259e-01
7.736538184424261999e-01
1.714456751392162914e+00
1.875581767304311143e+00
2.172360378920075163e+00
2.574276028274198325e+00
2.696146439014000862e+00
2.905331750380810263e+00
3.049250336777959092e+00
3.100791423086320719e+00
3.101301339104338695e+00
3.225822899398963273e+00
3.466567902127962952e+00
3.468322266355244210e+00
3.574705381949115690e+00
3.634943871075392963e+00
3.724328405001188003e+00
3.816315323568005624e+00
3.816985024640189295e+00
3.909296257084861281e+00
