-1.448333469757017156e-01
7.574288974115006567e-01
1.679821195878957951e+00
1.839074765386612853e+00
2.131286662096499640e+00
2.526600017804412346e+00
2.633179929490324866e+00
2.839470727009938855e+00
2.994795395575692964e+00
3.033310050615000364e+00
3.034045543033698777e+00
3.155093426297298720e+00
3.392096910093187034e+00
3.394259171422618238e+00
3.510712038820656744e+00
3.556828186985512730e+00
3.624347559832131083e+00
3.734747468460682285e+00
3.735371208023934742e+00
3.826182070896265941e+00
