-1.074021906749749178e-01
7.916860980120645763e-01
1.713261860170064210e+00
1.873332825701254478e+00
2.167612887133032018e+00
2.564433590592500423e+00
2.672007562285841686e+00
2.880634628918414819e+00
3.035994064567432815e+00
3.074130291011897498e+00
3.074486213241982568e+00
3.198041519857952153e+00
3.435861025801216329e+00
3.436627026015287356e+00
3.560289802812917515e+00
3.603197049616824188e+00
3.672299379551589027e+00
3.780366224878264347e+00
3.780570131321894678e+00
3.876144666719824272e+00
