-1.663915813951462042e-01
7.375875560810527531e-01
1.663056039176808554e+00
1.822674988261496765e+00
2.115785824391423375e+00
2.512351578669040464e+00
2.621730974673482706e+00
2.828394529875367880e+00
2.981829905827908078e+00
3.022568830972886644e+00
3.023173624815171934e+00
3.144890854913683143e+00
3.382563613102320232e+00
3.384752458414368448e+00
3.499473730968020391e+00
3.547675842350145103e+00
3.619612810662147240e+00
3.727125851790333400e+00
3.727734930223959964e+00
3.818543748424417572e+00
