-1.616142517559637781e-01
7.586420122443087166e-01
1.703211068845121190e+00
1.862255170078242372e+00
2.155263294945143571e+00
2.552014323340699775e+00
2.683998175612032355e+00
2.889855469279609679e+00
3.022763245310670754e+00
3.083483927058296103e+00
3.083981704676261870e+00
3.206527948014809226e+00
3.444446932451683097e+00
3.446396226163415122e+00
3.543087070714136644e+00
3.610386621349789493e+00
3.706019371714319277e+00
3.789831669051636709e+00
3.790467732072102081e+00
3.881723671084728267e+00
