-1.203174634446213531e-01
7.969846537497460304e-01
1.745367821912964246e+00
1.907447572862452034e+00
2.205947119351208130e+00
2.609885076268597004e+00
2.738450513609109294e+00
2.948569327650943706e+00
3.087987094228424212e+00
3.145014297631178124e+00
3.146312392831760008e+00
3.271104825751876888e+00
3.512548745964522823e+00
3.515885967233543852e+00
3.615638553530516219e+00
3.683204308850235975e+00
3.784164880082812488e+00
3.863384121035096541e+00
3.863734998669542620e+00
3.958972143338201022e+00
