-1.715284296733443625e-01
7.452241156242962461e-01
1.685815121902123792e+00
1.844565367497125408e+00
2.137388047085551079e+00
2.533632201924774563e+00
2.660141172342264326e+00
2.865993942803470418e+00
3.003844190781819634e+00
3.059621434138534823e+00
3.059950324401143007e+00
3.182129772088956088e+00
3.419778767500247341e+00
3.421910777906305157e+00
3.522798177862568991e+00
3.585108213774219621e+00
3.674555912071809871e+00
3.764260708896472352e+00
3.764885606509778881e+00
3.855745007309451466e+00
