-1.667691340371675324e-01
7.430176270954689244e-01
1.676323705236427486e+00
1.836649544002284529e+00
2.131200899244504399e+00
2.529855291282729013e+00
2.644885944895577268e+00
2.852332605394622078e+00
3.001851300254202215e+00
3.047134093130807742e+00
3.047751086794960429e+00
3.170305879682928207e+00
3.409021795116132125e+00
3.411238608170606312e+00
3.522302375393337570e+00
3.575250614307151409e+00
3.654687233714867034e+00
3.755583211601333460e+00
3.756198573079018388e+00
3.847543611625951598e+00
