-1.562207973329350352e-01
7.564364144745923113e-01
1.694760030914949311e+00
1.855110363786479866e+00
2.150576127792191983e+00
2.549736622228920169e+00
2.669682238956738729e+00
2.877654953515957459e+00
3.022717175731486350e+00
3.072721590759101673e+00
3.073054581750511716e+00
3.196627966724008729e+00
3.435991263212599733e+00
3.438335542530694511e+00
3.545465891881576681e+00
3.602935036816234060e+00
3.688421198409741919e+00
3.783270003323195851e+00
3.783910716923855944e+00
3.875773287935771805e+00
