-1.718588477451703511e-01
7.378858447482343763e-01
1.671595497213274939e+00
1.831390913739596726e+00
2.125708130577550037e+00
2.523486145411879988e+00
2.639226416900783079e+00
2.846292034097132273e+00
2.995071486555389129e+00
3.040849881832400570e+00
3.041188331448211102e+00
3.163874223628226900e+00
3.402422579245467205e+00
3.404594547529995907e+00
3.515156597899476765e+00
3.568260208241554210e+00
3.647094688112701988e+00
3.748148964787105797e+00
3.748782581547857262e+00
3.839723515058722114e+00
