-1.200014674404883408e-01
7.804980999546842213e-01
1.704925595049871845e+00
1.864991541731797042e+00
2.159354774919620468e+00
2.557337436329703451e+00
2.666516357587624952e+00
2.874511674495010993e+00
3.028260035676566986e+00
3.069213027894647894e+00
3.070564429782166371e+00
3.192739688112965268e+00
3.431177274579567893e+00
3.434325038754991510e+00
3.548156206487647069e+00
3.598681693564003581e+00
3.673486267209796097e+00
3.776412622142288456e+00
3.776689091662888131e+00
3.870378360882796187e+00
