-1.075483820267209012e-01
8.125343507853131086e-01
1.764790947997880721e+00
1.927285312762421654e+00
2.226725577164188508e+00
2.630961205852486273e+00
2.763926605560641292e+00
2.975250956138040692e+00
3.111020359674967040e+00
3.170675065690261363e+00
3.171067505482881188e+00
3.297585839811233654e+00
3.539040703472835503e+00
3.540363586648368255e+00
3.644584294531568958e+00
3.710169249707973904e+00
3.813477444470947830e+00
3.890198799264737772e+00
3.890439022321174889e+00
3.988125331618789460e+00
