-1.410968017798950314e-01
7.751136280846822046e-01
1.718264351493189679e+00
1.879210432645777473e+00
2.175649396398284807e+00
2.577138383663168497e+00
2.702398277998781850e+00
2.911445569293846347e+00
3.051703630844713189e+00
3.106742021450827451e+00
3.107252591993983515e+00
3.231689174534494668e+00
3.472222378481092164e+00
3.473956133365845744e+00
3.576841287693468985e+00
3.640506350929854307e+00
3.733149046187918429e+00
3.821587497822747537e+00
3.822252261162930154e+00
3.914608138948779015e+00
