-1.079694236588011336e-01
8.169988117653588233e-01
1.774262002392049453e+00
1.936285566772937727e+00
2.234952115871806200e+00
2.638246535086750555e+00
2.778514096426363267e+00
2.989365091327670143e+00
3.117321015851018728e+00
3.184340247897296194e+00
3.184721679419965312e+00
3.310956446742579828e+00
3.551876106922577492e+00
3.553257328732115639e+00
3.650052919876031865e+00
3.722698436901680452e+00
3.833118567378335229e+00
3.902087616798496583e+00
3.902316470354207922e+00
4.000100325283767688e+00
