-1.555939259869774105e-01
7.667319656966355979e-01
1.714567615028499858e+00
1.873487598245446861e+00
2.166912932695595373e+00
2.563978489697547047e+00
2.698769762798292504e+00
2.905091342341620475e+00
3.035087545367787243e+00
3.098914705711649731e+00
3.099235880572450696e+00
3.222106804866598395e+00
3.460257339472263993e+00
3.462549901433703781e+00
3.556284861592757807e+00
3.626492099385359325e+00
3.726662510243841098e+00
3.805847856895525183e+00
3.806477622356396751e+00
3.898227188183227554e+00
