-1.310936251470593561e-01
8.006754551186077151e-01
1.761953151431498554e+00
1.921989550973421501e+00
2.215942813248602761e+00
2.614783983120105404e+00
2.764690635538272545e+00
2.972272072791383835e+00
3.088838946145415321e+00
3.166566139111637312e+00
3.167032817614654050e+00
3.291220121724336423e+00
3.530105192344308307e+00
3.532078055859983579e+00
3.612776427135713675e+00
3.698679919115647863e+00
3.819179788825977084e+00
3.879662348036163166e+00
3.880479486132799138e+00
3.971769464696762952e+00
