-1.609232583241464454e-01
7.426409245244940394e-01
1.668211073185375426e+00
1.827823646306569572e+00
2.121163932230956561e+00
2.517659950588495121e+00
2.627722077690123115e+00
2.834240531533396279e+00
2.987399902346624003e+00
3.028368035943458381e+00
3.028875159063318279e+00
3.151089479891197698e+00
3.388997427087815595e+00
3.390970170582477294e+00
3.506039240920472366e+00
3.554315390075316827e+00
3.626191100287542213e+00
3.733827363706950564e+00
3.734467666947239195e+00
3.825161399923672434e+00
