-1.202504084733391210e-01
7.970673929821714410e-01
1.745458566067668471e+00
1.907523362922233900e+00
2.206007805887566064e+00
2.609935850675356050e+00
2.738537038754770947e+00
2.948634046289839716e+00
3.088030931308708205e+00
3.145067276790541655e+00
3.146365287697335589e+00
3.271149346628590138e+00
3.512587150406488945e+00
3.515923494511753233e+00
3.615676284128426232e+00
3.683234847885842100e+00
3.784233134595751835e+00
3.863416843436539239e+00
3.863767770184040273e+00
3.958999584081880130e+00
