-1.677774430081626633e-01
7.353145645229233196e-01
1.659671806433834718e+00
1.818709451830727630e+00
2.111450563123071333e+00
2.506831982884250465e+00
2.614937042968449532e+00
2.820947881300526205e+00
2.975330326242328738e+00
3.014764046223717742e+00
3.015100319806151674e+00
3.136647466357317171e+00
3.373891890021695872e+00
3.376056787896231981e+00
3.491804838165990077e+00
3.538193177015273250e+00
3.606793970835497021e+00
3.717010404374377686e+00
3.717639874621454510e+00
3.807821132617391413e+00
