-1.666655552635347703e-01
7.432461679272819310e-01
1.676671232073204010e+00
1.836967872699460713e+00
2.131483901790488744e+00
2.530108232209386188e+00
2.645342340238130419e+00
2.852750370673675206e+00
3.002079688476442243e+00
3.047526964295684593e+00
3.048143867717953981e+00
3.170684548542340053e+00
3.409381050589217921e+00
3.411597563139366684e+00
3.522510601396788843e+00
3.575596794837110792e+00
3.655239745527069317e+00
3.755919856079344754e+00
3.756535122593049891e+00
3.847874987359318766e+00
