-1.494166961142582295e-01
7.650958325143619732e-01
1.705509201706718159e+00
1.866347558653160377e+00
2.161757826474058675e+00
2.561879941802544636e+00
2.684192180054196797e+00
2.892619868522160687e+00
3.036261487800857140e+00
3.087997013404674362e+00
3.088748726667290612e+00
3.212200867607862165e+00
3.451923092166452989e+00
3.454164799021782528e+00
3.559575992463123839e+00
3.619915909254814324e+00
3.709227249949890393e+00
3.800061253988587850e+00
3.800697229146862810e+00
3.893221693944269646e+00
