-1.320085691793337901e-01
7.856613434435075760e-01
1.732974765284325258e+00
1.895028935377922608e+00
2.191861257806749563e+00
2.593680348313682771e+00
2.722034002994860202e+00
2.931869119301609317e+00
3.070417188095916572e+00
3.127883219914338042e+00
3.128361920698807808e+00
3.253578771897082333e+00
3.494164724600068439e+00
3.496254186946543996e+00
3.596681932123146908e+00
3.663826949879194217e+00
3.762926254785497804e+00
3.846184287053347362e+00
3.847017498402919955e+00
3.938501013123868688e+00
