-1.484447950429057528e-01
7.643079643962664704e-01
1.702924221691773710e+00
1.863864501028274390e+00
2.159512978605107492e+00
2.559960347175547213e+00
2.679714059528578218e+00
2.888201263807331998e+00
3.034656227746381774e+00
3.083682376225169719e+00
3.084436692265171587e+00
3.207935338918559864e+00
3.447818746919892874e+00
3.450070939182751317e+00
3.558218900970132381e+00
3.615867829425951641e+00
3.702717542515074456e+00
3.796240151330493973e+00
3.796878690416178870e+00
3.889354789700064430e+00
