-8.934931470270157661e-02
8.013018783940140111e-01
1.703120829597935426e+00
1.860112538630062318e+00
2.149852080421482015e+00
2.539008076385414370e+00
2.621401373319883987e+00
2.825265007995369615e+00
3.005407080863705005e+00
3.015936927148970881e+00
3.016866953482406188e+00
3.140624855134092286e+00
3.372272821431891998e+00
3.375770781728704151e+00
3.503533789460504977e+00
3.530845461253960593e+00
3.567682541531979723e+00
3.702308930809408594e+00
3.703425467260302639e+00
3.786761781813368088e+00
