-1.553841832510443055e-01
7.557795835400611395e-01
1.692580879112028924e+00
1.853033562840209925e+00
2.148711393763733213e+00
2.548159845170630433e+00
2.665929813952971017e+00
2.873966480202398088e+00
3.021419059475192626e+00
3.069128098033615970e+00
3.069465251538531447e+00
3.193083492653386202e+00
3.432592338960603229e+00
3.434947871655822382e+00
3.544389518187017529e+00
3.599595530436999979e+00
3.682986858711046807e+00
3.780119554679004068e+00
3.780762400069761497e+00
3.872596049169260368e+00
