-1.480837294893717626e-01
7.551982625232085411e-01
1.680810826934248325e+00
1.840659796204818122e+00
2.134023478491144488e+00
2.531153964228451514e+00
2.640966549226959614e+00
2.848249261694490997e+00
3.001813634058635216e+00
3.042756427792483009e+00
3.043499535199316597e+00
3.165633888290358300e+00
3.403827675018874288e+00
3.406013813510526234e+00
3.520865614675130928e+00
3.570049718157406460e+00
3.643713437159931345e+00
3.749028582421942701e+00
3.749654527892289479e+00
3.841218956759348657e+00
