-1.400346440111661650e-01
7.740677248148131184e-01
1.715041272244434367e+00
1.876107570328485963e+00
2.172818684809953993e+00
2.574680321134337646e+00
2.696870789730155593e+00
2.905975069863188764e+00
3.049612665563017799e+00
3.101386343798367307e+00
3.101896361887384046e+00
3.226387084721636711e+00
3.467096373656886499e+00
3.468851482631180261e+00
3.575029396702802842e+00
3.635444003897873699e+00
3.725156259872619557e+00
3.816804403827745773e+00
3.817473965073304498e+00
3.909771101184787767e+00
