-9.265583848568326175e-02
8.000821497594756693e-01
1.714391002854029011e+00
1.873869419928581692e+00
2.168000530944453885e+00
2.564013692138672695e+00
2.661439049313003125e+00
2.870043507294980145e+00
3.039776603357665863e+00
3.063504549962772217e+00
3.064052364125672057e+00
3.192518036752545640e+00
3.428765968988443547e+00
3.431279710121685866e+00
3.550500651682341413e+00
3.592963714651631335e+00
3.659414363897695921e+00
3.768862512965085898e+00
3.769722593118331133e+00
3.857390632431105360e+00
