-1.308838357242620987e-01
7.841477247673083184e-01
1.728713851952079494e+00
1.890913890350930160e+00
2.188078400346284980e+00
2.590353037708382544e+00
2.714884695713863039e+00
2.924774777350194199e+00
3.067523672179504501e+00
3.120930687279269478e+00
3.121414950243433850e+00
3.246686962467720150e+00
3.487500744053477320e+00
3.489627888835684644e+00
3.594154115667834049e+00
3.657251223447246957e+00
3.752614150161889484e+00
3.839915665311536941e+00
3.840749272977518558e+00
3.932201433413183622e+00
