-1.516432307689683512e-01
7.507577023170597386e-01
1.674048882585339015e+00
1.833115669865946984e+00
2.125898329184565227e+00
2.521070334976684535e+00
2.628329808837406745e+00
2.834470134330331348e+00
2.988923755817268102e+00
3.028229727342477418e+00
3.028557452442328213e+00
3.150154416925033729e+00
3.387279240887437481e+00
3.389587098715310276e+00
3.505577467677539971e+00
3.551594328086139285e+00
3.619554689552387572e+00
3.730054106942588987e+00
3.730683467488233873e+00
3.821218274845705309e+00
