-1.577764313378793304e-01
7.451411411529988982e-01
1.668594660918643058e+00
1.827835948198298865e+00
2.120418432801670860e+00
2.515791761768014112e+00
2.623846875504568743e+00
2.829754435480026586e+00
2.983950918869595625e+00
3.023469335824302107e+00
3.023976558719368768e+00
3.145497819719821564e+00
3.382648597281331604e+00
3.384616250911676616e+00
3.500579193444536941e+00
3.547050815261172829e+00
3.615273401214835758e+00
3.725889714711229317e+00
3.726527940541927819e+00
3.816773922622815007e+00
