-1.548663060912076617e-01
7.483716731994718430e-01
1.674316443077259464e+00
1.833825358481590229e+00
2.127536106040679442e+00
2.524147903982338903e+00
2.633893864641322580e+00
2.840841534918581601e+00
2.993977134384294914e+00
3.035141995927006064e+00
3.035467884827994567e+00
3.157926106231570884e+00
3.396000259471293248e+00
3.398317226642575406e+00
3.513134298924342147e+00
3.561470452201319858e+00
3.634159962804005772e+00
3.740790329765331990e+00
3.741422313927614596e+00
3.832518915783111879e+00
