-1.611401499267230975e-01
7.494088578905575559e-01
1.684381384491643985e+00
1.844742145187410642e+00
2.139697276347760635e+00
2.538544471192835772e+00
2.655710406883372343e+00
2.863055537881336932e+00
3.011171571280101489e+00
3.057854339895129669e+00
3.058368671436255681e+00
3.181546927729868912e+00
3.420642868898539746e+00
3.422648092710005585e+00
3.533036867283954052e+00
3.587240418933106412e+00
3.668374462200517883e+00
3.767741367695634835e+00
3.768389707485766849e+00
3.859704829770635115e+00
