-1.482037007499457104e-01
7.545004063313172082e-01
1.679466126080569666e+00
1.839267696434944810e+00
2.132516466355809825e+00
2.529467552812093345e+00
2.638910688869145815e+00
2.846143865390786232e+00
2.999903127456946095e+00
3.040591607415990438e+00
3.041334761842790613e+00
3.163415934319345979e+00
3.401511930790093174e+00
3.403697062632090820e+00
3.518702949229464139e+00
3.567656888603778498e+00
3.640891996720256429e+00
3.746548946825896564e+00
3.747174761669157306e+00
3.838698052956260653e+00
