-1.612240471358745708e-01
7.492063874633458909e-01
1.684065723721687391e+00
1.844453012955455051e+00
2.139440674822253641e+00
2.538316289534122916e+00
2.655290743305158685e+00
2.862670381205134618e+00
3.010966878313411144e+00
3.057491736349220446e+00
3.058006143280181277e+00
3.181197372269707557e+00
3.420311369191949780e+00
3.422316812115241191e+00
3.532851916765139322e+00
3.586920959067356307e+00
3.667861660204835061e+00
3.767431598870643938e+00
3.768080056397593580e+00
3.859399545303858758e+00
