-1.709324705370818265e-01
7.327164664748124778e-01
1.658582018466404406e+00
1.817862091436836636e+00
2.111088913614366902e+00
2.507263305675223819e+00
2.616637177017764770e+00
2.823087340497295372e+00
2.976854813550744439e+00
3.017189474601764232e+00
3.017525657354781288e+00
3.139522159834086779e+00
3.377272481708132545e+00
3.379434363687323639e+00
3.494665087579051033e+00
3.542189627625702997e+00
3.613159200840527774e+00
3.721456810253584990e+00
3.722086668658448616e+00
3.812554108342737891e+00
