-1.167119254904491754e-01
7.818032320714110028e-01
1.698970230367308432e+00
1.857711768942067465e+00
2.149480483224465388e+00
2.543461946557613373e+00
2.644597527599103159e+00
2.850400657207273980e+00
3.008927336491865390e+00
3.043655249178982558e+00
3.045067575038160612e+00
3.164560096562695435e+00
3.400388454173935315e+00
3.403406253581351848e+00
3.522145308891708737e+00
3.564576668596828313e+00
3.623888986543875035e+00
3.740028879683450214e+00
3.740251380205791065e+00
3.832351667122111394e+00
