-2.377432822788250633e+00
-2.241044538095593452e+00
-1.725569551446824335e+00
-1.014189343601174187e+00
-5.924089184263721108e-01
-4.474854569707531482e-03
9.245250294043216854e-02
5.115763358771800995e-01
1.010378542960097548e+00
1.015037706616567448e+00
1.053865859081270173e+00
1.151083573728101328e+00
1.194808323380129877e+00
1.651139405403228011e+00
1.998313154239440337e+00
2.021436066948808730e+00
2.024923490716901142e+00
2.098065694030083250e+00
2.122532194232917391e+00
2.142299984043347649e+00
