-2.314943136807414703e+00
-2.197035501285427017e+00
-1.685125448853796115e+00
-9.985775648201524746e-01
-5.566246925664017908e-01
-8.833757503452943638e-03
8.922042795165907592e-02
5.267046394365024753e-01
1.027715361884474987e+00
1.028996485787502024e+00
1.033616247976169689e+00
1.098329728989483556e+00
1.167920730149489827e+00
1.642490770431322744e+00
1.962936289579374716e+00
1.993207002571580233e+00
1.993897443451714935e+00
2.084344009639607975e+00
2.090621463179559214e+00
2.103098437462904258e+00
