-1.731729220743545739e+00
-1.392869106697617099e+00
-7.582594322520890273e-01
1.386566756627871655e-01
3.133175997190846829e-01
1.270567137615216780e+00
1.327631996321542829e+00
1.463409307541951421e+00
2.086438871930113237e+00
2.093792427477637830e+00
2.445224314848019276e+00
2.453276990118865797e+00
2.678453671069291886e+00
2.763271653881020029e+00
3.269014068848264287e+00
3.289171206893115595e+00
3.325561541534625576e+00
3.396242050805994950e+00
3.401635063855792396e+00
3.631731471504281217e+00
