-1.955342627205936878e+00
-1.712251620320785150e+00
-1.117290166499515180e+00
-2.651218050486932043e-01
4.230321227623790037e-02
8.948754281618676032e-01
9.187127067662004265e-01
1.218973339169679093e+00
1.779337294475226372e+00
1.787482367350094137e+00
2.051383594121944043e+00
2.116564164443843765e+00
2.290961455920296430e+00
2.451128655275169876e+00
2.979542719500386738e+00
2.998563587713761081e+00
3.002597586015326669e+00
3.027090503360341245e+00
3.034872630179052067e+00
3.247892278916879150e+00
