-4.346973301686628588e+01
-3.164912069328659072e+01
-3.152501846140927455e+01
-3.068160482542089085e+01
-2.804088856328178281e+01
-2.639900893995451270e+01
-2.372562151939845876e+01
-2.364427627890131589e+01
-2.337393777454718702e+01
-2.243366511404522612e+01
-2.238691979656999820e+01
-2.139159886411229650e+01
-2.138830797905836789e+01
-2.124244276025521572e+01
-2.034397287071521987e+01
-2.033716004827235224e+01
-1.990682390038398353e+01
-1.967611185439332644e+01
-1.966704686104060329e+01
-1.900796636012390195e+01
