-1.284409894565783361e+00
-8.197068490935635054e-01
-6.312027528133512533e-02
9.820014017271887496e-01
9.864369360103637518e-01
2.119201600659266660e+00
2.172726023377549609e+00
2.321852736065352474e+00
2.888707960750821258e+00
2.907058850105727288e+00
3.330333804732731551e+00
3.437721440989207622e+00
3.491200843363571948e+00
3.938179555941815124e+00
4.102819650825381359e+00
4.119937781075691419e+00
4.310047797716379137e+00
4.372209297248787152e+00
4.373135230083107672e+00
4.576772678925181026e+00
