-2.361264703278720845e+00
-2.240356113245070446e+00
-1.726645019385614432e+00
-1.037346321587392595e+00
-5.951404665320296772e-01
-4.354712101485347375e-02
5.518439639126881957e-02
4.918684368385584094e-01
9.945654935872880742e-01
9.951593601945205592e-01
9.998397906601894647e-01
1.067902630362368654e+00
1.138040494297456462e+00
1.612166671395243611e+00
1.931176856669480912e+00
1.961820939366589300e+00
1.963752664640196599e+00
2.054294912100885995e+00
2.062784338886558544e+00
2.074912298172421288e+00
