-2.199916233774274588e+00
-1.999218427830783185e+00
-1.442614047911774833e+00
-6.556429228039633017e-01
-2.928137727394641843e-01
4.271375625903601758e-01
4.931772235722746700e-01
8.520879742864053696e-01
1.374985968624969246e+00
1.379367912322777556e+00
1.538784693431807682e+00
1.648082392002834240e+00
1.704307855310617015e+00
2.041224830238206778e+00
2.481895758151949849e+00
2.506102057723182952e+00
2.511948144569032593e+00
2.521490363516932121e+00
2.542253064842952881e+00
2.679393067541241180e+00
