-2.441711758088786155e+00
-2.312105644363327883e+00
-1.796712905066669919e+00
-1.099071421762346290e+00
-6.607285816571675241e-01
-1.039573740417836234e-01
-4.083224979694932699e-03
4.332944757916266099e-01
9.388103873789077625e-01
9.403000705206068233e-01
9.460094684181967750e-01
1.009704283962491900e+00
1.083152198450989090e+00
1.559846181306056678e+00
1.872935099585447460e+00
1.909146354024414904e+00
1.911704016747535206e+00
2.000900878643733449e+00
2.009311675748904236e+00
2.019901241219486110e+00
