-2.094758093229074802e+00
-1.976379708667082014e+00
-1.472614197906068512e+00
-7.686177645348379883e-01
-3.337867771763285418e-01
2.588294060226417059e-01
3.532337526917217474e-01
7.850934369291735493e-01
1.275391346238620827e+00
1.280387421698151229e+00
1.322949052987269170e+00
1.435654266419078340e+00
1.469766344789377399e+00
1.933314167458092925e+00
2.294980074000477543e+00
2.304893004885570917e+00
2.309383184427815650e+00
2.374138113537810568e+00
2.391040002883755733e+00
2.443603381207822167e+00
