-2.350484840048011392e+00
-2.183649168058764189e+00
-1.650038266379851848e+00
-9.040587819763459265e-01
-5.040621835942147300e-01
1.333962178177898750e-01
2.228021141490899026e-01
6.195309805625583977e-01
1.126693020079983398e+00
1.131473296351032332e+00
1.214081666024867445e+00
1.336439451551996171e+00
1.350206392671680078e+00
1.784942248254083097e+00
2.158492513495730236e+00
2.185384858705219813e+00
2.189601168953231536e+00
2.242514157769619487e+00
2.265461036688066088e+00
2.324705936713144183e+00
