-1.815615181634939290e+00
-1.587819831397155212e+00
-9.877854670276065008e-01
-1.016223308438384265e-01
2.226175932833029947e-01
1.102464210626294516e+00
1.128816603508312255e+00
1.450153384782197463e+00
1.989118929812320857e+00
1.998484449864690760e+00
2.306333477545649657e+00
2.351489897767351067e+00
2.559316473513717938e+00
2.727471336856979178e+00
3.234131065143856176e+00
3.253700306002883735e+00
3.268686071427055140e+00
3.282134121483522904e+00
3.298103617524930087e+00
3.538335889549671265e+00
