-2.155903608048447495e+00
-2.032697196972094389e+00
-1.512446315065062663e+00
-8.071993934036072460e-01
-3.725869227059774857e-01
2.191027466174091387e-01
3.144774202992266510e-01
7.297114273560509901e-01
1.229036367965363752e+00
1.237635733780280134e+00
1.294671262217889307e+00
1.404237676045795524e+00
1.432454048012004932e+00
1.880790640458599228e+00
2.261658243577130634e+00
2.262511892222846654e+00
2.272244425802909973e+00
2.332530013656651136e+00
2.357677871124906233e+00
2.402529988206424605e+00
