-2.467083763491245918e+00
-2.330707222587079741e+00
-1.818824495305307209e+00
-1.113065168377943337e+00
-6.860413320973748341e-01
-1.114343686494976282e-01
-1.259416954417247325e-02
4.110769150283886120e-01
9.137897202890599146e-01
9.184612375102005899e-01
9.404971098265377805e-01
1.026189897223957814e+00
1.083367430444923230e+00
1.547123764918069355e+00
1.880699194560293108e+00
1.911579893465386704e+00
1.914455633290344849e+00
1.995341724381432869e+00
2.020718365893117152e+00
2.021979011944495142e+00
