-2.234647332144049869e+00
-2.099886714139756805e+00
-1.580788037169440940e+00
-8.653379057377605932e-01
-4.353624209516055998e-01
1.604170418631838402e-01
2.564211971275653923e-01
6.779290495551322238e-01
1.172490318705058598e+00
1.176935395657892514e+00
1.240354890720482217e+00
1.346177862547847326e+00
1.373537045977172966e+00
1.827941949805790500e+00
2.201433796403762244e+00
2.206159403445781209e+00
2.213639325496842503e+00
2.276386143055788125e+00
2.301903252726333449e+00
2.345199147909625026e+00
