-1.661377212006300397e+00
-1.294013726084358495e+00
-6.526726882484581438e-01
2.766947180316492449e-01
4.109460677705101261e-01
1.406608373530616518e+00
1.485418348390794563e+00
1.575765784718441864e+00
2.227783985686983215e+00
2.229040232272836874e+00
2.596764015721873875e+00
2.623574189759438013e+00
2.803497329250603798e+00
2.967044343267843942e+00
3.415430659361845755e+00
3.434086810845656146e+00
3.486110132010708185e+00
3.561106705319616594e+00
3.564484640983664576e+00
3.811878455752321315e+00
