-2.445708566991470434e+00
-2.430168647217669786e+00
-1.805893665342694021e+00
-1.347470181638470876e+00
-8.254495656491940281e-01
-3.954362676921050479e-01
-2.895118718057574370e-01
1.013253686369921525e-01
6.068312307502310432e-01
6.598573587889404735e-01
6.662904030687286649e-01
7.450606667395049953e-01
7.689202068723375305e-01
1.117846659723397806e+00
1.500382906763775281e+00
1.502347242024825391e+00
1.575242337057602526e+00
1.608337880660087649e+00
1.641264452519408223e+00
1.674114946255429004e+00
