-2.278435044710931834e+00
-2.098781851665989961e+00
-1.561272669525351375e+00
-7.937200333399232477e-01
-4.046533940272638574e-01
2.623194235638948157e-01
3.467928272439166903e-01
7.317785065097268671e-01
1.240045375510817394e+00
1.244054150236479472e+00
1.358690194902010262e+00
1.484425582602852955e+00
1.494711097599065397e+00
1.910020124771108385e+00
2.308073729298484977e+00
2.327841492791776545e+00
2.333378569899650756e+00
2.372336509586602915e+00
2.394254355138400570e+00
2.482962983842298854e+00
