-2.414979977264010813e+00
-2.287086476520926226e+00
-1.771847705931577366e+00
-1.079629664360254537e+00
-6.378256435709772632e-01
-8.403850809554569423e-02
1.327872904221294448e-02
4.526272611765307374e-01
9.571825701641500928e-01
9.576171650769538246e-01
9.605713709606789052e-01
1.028646779610426165e+00
1.101429642352741212e+00
1.576104194908111822e+00
1.891483338600664865e+00
1.926103206009429414e+00
1.928341459191869944e+00
2.018202270330220927e+00
2.025825924720265903e+00
2.037854515088838525e+00
