-2.027529154587682569e+00
-1.814873677872128610e+00
-1.249386918973868887e+00
-4.221198204013489885e-01
-7.332963136104808655e-02
6.936068045642969082e-01
7.524817810581225785e-01
1.096931943164236145e+00
1.628107396590166900e+00
1.628254419971199241e+00
1.837455312921520090e+00
1.939248592323565390e+00
2.038980852144050004e+00
2.314810691473212501e+00
2.799744257481506793e+00
2.812297428257807042e+00
2.816857056262051628e+00
2.819489234066168137e+00
2.834521836080057255e+00
3.013928024149208795e+00
