-2.162094796291057719e+00
-1.946331535651552258e+00
-1.395138104129728163e+00
-5.872625051233626436e-01
-2.424156910401507048e-01
5.026105707802344114e-01
5.660765186785283731e-01
9.141097264982818160e-01
1.441598694555068505e+00
1.445179460088183987e+00
1.621782083035213873e+00
1.725758198404946597e+00
1.800917538072098978e+00
2.111819913998260745e+00
2.565947313798460527e+00
2.588583276034114533e+00
2.593067744024665444e+00
2.595823539453704143e+00
2.615408299147020443e+00
2.770268302663680515e+00
