-2.111082788755084039e+00
-1.914134566268330673e+00
-1.354556437245264533e+00
-5.533108338640886359e-01
-1.919199958829267416e-01
5.396994994553097058e-01
6.082011255839461228e-01
9.680412954003259074e-01
1.484889148254296742e+00
1.489255147873336682e+00
1.660926940630815807e+00
1.772065409644710599e+00
1.835223560034137336e+00
2.171824073286188650e+00
2.612863745256618131e+00
2.631729695782269118e+00
2.637291377332076081e+00
2.645192404201225145e+00
2.669301456040557241e+00
2.816537565864564385e+00
