-1.158616745439758233e+00
-6.648382092575957358e-01
1.316919122785975560e-01
1.166432600665075370e+00
1.193510868897078581e+00
2.358061041296082294e+00
2.365179837307664457e+00
2.571500403522236411e+00
3.097506983766152189e+00
3.101287439364227794e+00
3.528475840239934769e+00
3.579351170018185258e+00
3.720608120075098668e+00
4.226326578457701544e+00
4.278021068879866107e+00
4.278093971028738451e+00
4.505285287220772261e+00
4.582106967415711551e+00
4.595285438270707346e+00
4.768290635914013365e+00
