-2.277570796522923047e+00
-2.134224305944371736e+00
-1.624148138242162531e+00
-9.043201634704018943e-01
-4.863976529959472828e-01
1.118942549437633716e-01
2.088321628343692282e-01
6.232215362651913892e-01
1.122379648408241337e+00
1.126264917227672413e+00
1.180865708249257295e+00
1.288127682482809178e+00
1.319865702354945824e+00
1.771694444802051294e+00
2.133604898795965710e+00
2.146037268579675583e+00
2.149479534100464662e+00
2.218799081281758845e+00
2.239828732966998359e+00
2.278215710075528477e+00
