-2.214041074154636135e+00
-2.149977312022997467e+00
-1.615824506350236334e+00
-1.021900173866981731e+00
-5.500538923080853237e-01
-3.456930707875471853e-02
5.014887571451254189e-02
5.149634406177483470e-01
1.032135488514711597e+00
1.037528933378951024e+00
1.040310460343391696e+00
1.044048874389829962e+00
1.125076815466286462e+00
1.645727404441686303e+00
1.936765820731920940e+00
1.957287191959608208e+00
1.966740137766237240e+00
2.037351791533296819e+00
2.076129288373522286e+00
2.087389655232868790e+00
