-2.338111592303903308e+00
-2.220326719012518879e+00
-1.705306634787120856e+00
-1.020290831143938703e+00
-5.739199255185667425e-01
-2.554421150489361025e-02
7.022239857906242833e-02
5.094289877088158391e-01
1.010182454749156022e+00
1.012224350204633083e+00
1.015089411113876849e+00
1.081875338579266099e+00
1.151150350502575748e+00
1.626440181087673409e+00
1.946197332596057095e+00
1.976167500124574872e+00
1.978140739978698548e+00
2.067405973433778854e+00
2.075886054608417908e+00
2.087579622544581071e+00
