-2.222121935134055093e+00
-2.000989245178061537e+00
-1.458181450623669662e+00
-6.836400233296444640e-01
-3.508324487338541076e-01
3.621660228673135862e-01
4.264321853697765619e-01
7.655316460877656937e-01
1.294078346254536882e+00
1.298251264714053832e+00
1.436762376702972688e+00
1.547191466597723775e+00
1.593307463728706352e+00
1.926131056417943910e+00
2.345511223495122977e+00
2.392464440257754177e+00
2.396045916189905256e+00
2.406915578423650004e+00
2.426903778847190551e+00
2.542956095508998260e+00
