-2.247488950564729748e+00
-2.112928843562258407e+00
-1.595144583967339713e+00
-8.780030038506083656e-01
-4.574348612877656706e-01
1.415451136217598105e-01
2.380350799485313473e-01
6.526829394279047847e-01
1.148853934984799707e+00
1.152815706458568457e+00
1.210530545507936040e+00
1.319385446719024912e+00
1.350275174494527164e+00
1.802077151507546660e+00
2.167131601752771530e+00
2.177994178700828343e+00
2.181594930903884233e+00
2.246310840453588753e+00
2.270511563505351660e+00
2.312835866914610961e+00
