-1.868119603706873022e+00
-1.556481855539459502e+00
-9.564933498895697994e-01
-9.101687508882605471e-02
1.281838896429690067e-01
1.035972960169601720e+00
1.049887996694451431e+00
1.274281517209601589e+00
1.857963703707355307e+00
1.861568236254242947e+00
2.163109298378913081e+00
2.190215158952923957e+00
2.420605169212649344e+00
2.468081274742871756e+00
3.019385008970857598e+00
3.039278268184716580e+00
3.043116460155943059e+00
3.103105308020531083e+00
3.109826455625807284e+00
3.319644884917579475e+00
