-2.266537549818167463e+00
-2.084365314651222434e+00
-1.546792787470621988e+00
-7.781436094883247279e-01
-3.924229793701670133e-01
2.776508387978537939e-01
3.610784057527780533e-01
7.432767041536862962e-01
1.252274106576805934e+00
1.256273550279729534e+00
1.373221713613020256e+00
1.498024755703227129e+00
1.510636348153639119e+00
1.921082222848781385e+00
2.320322399289580062e+00
2.341397985692310613e+00
2.346859549077635165e+00
2.384111033672525082e+00
2.405960912437876686e+00
2.496941341334604658e+00
