-1.802060846435779240e+00
-1.476045903141312010e+00
-8.662287270772139891e-01
2.202928566930495435e-02
2.156833560429731733e-01
1.146569670174358180e+00
1.176764103198365774e+00
1.362027130221576954e+00
1.967373665880586486e+00
1.968654096573118295e+00
2.297525888331620081e+00
2.314619682860211469e+00
2.565300701677188044e+00
2.586170018324082776e+00
3.139695819015287270e+00
3.157593369707683451e+00
3.178897525220236275e+00
3.243436635699254111e+00
3.245172396043017216e+00
3.463660727317801502e+00
