-1.788277406385759605e+00
-1.564334383478126256e+00
-9.498750108775766421e-01
-5.399261102047603345e-02
2.823964372823866142e-01
1.170560791676507506e+00
1.179278412316307367e+00
1.527473632893361355e+00
2.055137854004215114e+00
2.073533255205120440e+00
2.407171345005053809e+00
2.451061234123926624e+00
2.645217186090121686e+00
2.829044638559480518e+00
3.324534818629444999e+00
3.348567913717261035e+00
3.381009958761069356e+00
3.383443197888482246e+00
3.415976989574119216e+00
3.653879424181468494e+00
