-1.467413770206576373e+00
-1.144753366710688169e+00
-4.443323209250138461e-01
5.315942524812271586e-01
7.464914016715056277e-01
1.816531768717482009e+00
1.867193669183393467e+00
2.006865492227689174e+00
2.630072531303994765e+00
2.642580351960987173e+00
3.063228995112467601e+00
3.106295506825517805e+00
3.278219329403555093e+00
3.455037720640461885e+00
3.860242601742129409e+00
3.865260706967092119e+00
4.011950355478006713e+00
4.012933936861713846e+00
4.055220861258248988e+00
4.348308534977149975e+00
