-2.190394971024943516e+00
-1.957368201830831822e+00
-1.416224717380828224e+00
-6.288713681788067333e-01
-3.102570571863907389e-01
4.226111453099292703e-01
4.829560612051864155e-01
8.122156724202795886e-01
1.344559331009804737e+00
1.348274744304944761e+00
1.500565985443245154e+00
1.605845279606000986e+00
1.665085088694468141e+00
1.978314486863382626e+00
2.407769053170341067e+00
2.453800810420943890e+00
2.456901395838940516e+00
2.460517200946924277e+00
2.480487192260625307e+00
2.610832405887776986e+00
