-1.759667929146417009e+00
-1.529673148722395126e+00
-9.148380352526146453e-01
-1.716960114276844251e-02
3.094704119200741843e-01
1.206280520724703820e+00
1.210360031655682178e+00
1.550731410497292018e+00
2.081834967304757811e+00
2.099946022859967343e+00
2.438139862189927953e+00
2.478274200805344663e+00
2.679980602925525091e+00
2.849400770841157282e+00
3.347966953629111231e+00
3.371923882409419093e+00
3.406502640637654622e+00
3.410934325693233404e+00
3.441237843495173365e+00
3.681356569200943341e+00
