-2.408755443873815238e+00
-2.247245877777459100e+00
-1.721723901719087735e+00
-9.819781791447894648e-01
-5.756533833337016404e-01
4.501396977866534144e-02
1.391535043076146394e-01
5.428513092192588374e-01
1.047751081830938347e+00
1.052418919396586716e+00
1.118485501399845816e+00
1.228693702723830938e+00
1.257133581413654611e+00
1.702120504109188914e+00
2.063152305956464261e+00
2.090869275081786327e+00
2.094650009370525368e+00
2.155948908082791604e+00
2.179889915001695044e+00
2.221140437002759427e+00
