-2.351276326735387556e+00
-2.184760249103419483e+00
-1.651166164054302499e+00
-9.053720422089099884e-01
-5.049881611776072532e-01
1.320499438152182847e-01
2.215674583567306399e-01
6.186354514211416245e-01
1.125693009380484000e+00
1.130477759143104777e+00
1.212752255189116113e+00
1.334898769026040100e+00
1.349001813170616515e+00
1.784069471657858230e+00
2.157353102855267935e+00
2.184133004077011719e+00
2.188354202531627379e+00
2.241521550808101892e+00
2.264490902030956931e+00
2.323394814447965473e+00
