-1.628138151178404769e+00
-1.403364449179491658e+00
-7.752407409947750239e-01
1.501176832620103596e-01
5.320336262038836139e-01
1.430270490957127549e+00
1.446436913227557852e+00
1.833104768982479982e+00
2.335958226103230118e+00
2.339160472477544772e+00
2.698416305551972982e+00
2.786473113721910977e+00
2.967056916942055977e+00
3.163514642610209648e+00
3.627443348491340203e+00
3.654905365543697826e+00
3.662138138498619355e+00
3.670113231950779209e+00
3.708146908239598361e+00
3.935285402044939929e+00
