-2.355475618427590234e+00
-2.213898859426990384e+00
-1.700942389608826488e+00
-9.868892018494079821e-01
-5.651152693571930286e-01
2.440747371656470932e-02
1.210012507981446106e-01
5.373070349560293835e-01
1.036743138109159190e+00
1.040666183118446497e+00
1.085747677712788573e+00
1.183038375937030651e+00
1.223408690617361572e+00
1.678879486633377383e+00
2.031383438035845757e+00
2.051780962727207225e+00
2.055801913073082687e+00
2.127499910904589342e+00
2.150052013603271917e+00
2.174802115085185505e+00
