-2.193530553449818399e+00
-2.007294537623238284e+00
-1.454842326216748916e+00
-6.785237364638305735e-01
-2.984843544436444063e-01
3.961295066255843267e-01
4.703771303793473635e-01
8.449085476277105045e-01
1.358790220805531135e+00
1.363463566227437695e+00
1.504509013102506287e+00
1.623682368372101337e+00
1.657797051146189915e+00
2.033693027238768991e+00
2.452635075173020596e+00
2.473195030794158811e+00
2.479344067502097460e+00
2.503369803733221488e+00
2.525489394149190048e+00
2.642617481975321425e+00
