-2.375850658732815646e+00
-2.211814710986800492e+00
-1.682791737315710634e+00
-9.376540146913612261e-01
-5.371515153819927946e-01
9.169309363642241806e-02
1.845964057865785435e-01
5.834004287025891244e-01
1.090208374269423075e+00
1.094161361295846291e+00
1.169077958067646250e+00
1.286432071094168350e+00
1.307560036759241484e+00
1.746205960924271494e+00
2.113743720998172648e+00
2.141527603962458670e+00
2.144047595327720046e+00
2.200978046035743318e+00
2.225865959509974346e+00
2.275686667140689678e+00
