-2.410548657477534107e+00
-2.401198552916298468e+00
-1.827658033039369911e+00
-1.353598784895666540e+00
-9.270639631936319347e-01
-4.865336887239664065e-01
-3.905618294118085032e-01
-4.609196017827343894e-02
3.670312592252003014e-01
3.778360577856574309e-01
4.842441524092464533e-01
6.749313490246322544e-01
6.817889601760498408e-01
8.366160630745298477e-01
1.127928793301862243e+00
1.267406971500122381e+00
1.331577885983847409e+00
1.342174605899344897e+00
1.375222728317112342e+00
1.407896757551156952e+00
