-2.024929704442911316e+00
-1.758741972669668030e+00
-1.183767180496943183e+00
-3.662083366762090009e-01
-8.963570320338476449e-02
7.289410612684150692e-01
7.530193819329724647e-01
1.040625937166623771e+00
1.596393235678988276e+00
1.600332829242688604e+00
1.824543822905980051e+00
1.894579370266001206e+00
2.031436870369361714e+00
2.220300857705296949e+00
2.716671645826863823e+00
2.734206765358976554e+00
2.752709461263293633e+00
2.769669479672302259e+00
2.774288913067721296e+00
2.955671652511227876e+00
