-1.973174333385941281e+00
-1.762292994038944016e+00
-1.180117138845162117e+00
-3.510786508941237116e-01
-1.827291453992074821e-03
7.878682851587655023e-01
8.366762564037344418e-01
1.173552766163993510e+00
1.709291618294628279e+00
1.717850839349011949e+00
1.940242932570981793e+00
2.032190788679145044e+00
2.149767965618593735e+00
2.405351713044183271e+00
2.902168574252755207e+00
2.906366497280032490e+00
2.919445005261877668e+00
2.928609745427820599e+00
2.931590122189845715e+00
3.131851732395261934e+00
