-2.161396923539996351e+00
-2.040150449053726334e+00
-1.520353802191038994e+00
-8.174992071139968175e-01
-3.805989216175476031e-01
2.076271744936093455e-01
3.035216358134675829e-01
7.212367034217095352e-01
1.221168905841295782e+00
1.229808147228141024e+00
1.282426279485662235e+00
1.389556405308212561e+00
1.420995125354693300e+00
1.871982659490186052e+00
2.250465338015601446e+00
2.251428021582341898e+00
2.260947481236598833e+00
2.323729317778997938e+00
2.349053473772528378e+00
2.389726464356499491e+00
