-2.248597781504940940e+00
-2.147205696384844487e+00
-1.635898574300881592e+00
-9.706830270406499039e-01
-5.205283387258532457e-01
1.175859009163104929e-02
1.053090459408849711e-01
5.487684840554720722e-01
1.033037283525118255e+00
1.052752066641915007e+00
1.057535971298420918e+00
1.094091728387866169e+00
1.170929934665764449e+00
1.648619997989953845e+00
1.963773745001162752e+00
1.993249440707586473e+00
1.994554550992688746e+00
2.081934541027294472e+00
2.085198191472954932e+00
2.100124852142471354e+00
