-1.686035622276222057e+00
-1.390522907167451194e+00
-7.467661160130774078e-01
2.022006419813351386e-01
4.390940471860176331e-01
1.417254090408960110e+00
1.473921381395257413e+00
1.680477513427376834e+00
2.267238265977766787e+00
2.285889482358925306e+00
2.685972843333729543e+00
2.707095233644622567e+00
2.977610153560135586e+00
3.009971627941240513e+00
3.530186167367446615e+00
3.550958513356590629e+00
3.647828464804433679e+00
3.661540985768169776e+00
3.682101740710777449e+00
3.942003609300627431e+00
