-1.643799224970280193e+00
-1.433979938061327175e+00
-7.862601977720373725e-01
1.095570380708750235e-01
4.829660356973590751e-01
1.389034784850707638e+00
1.423774384477837884e+00
1.741920820433904282e+00
2.286990043018761298e+00
2.307047291442245296e+00
2.647545798315718457e+00
2.699486150949951480e+00
2.893518822845749128e+00
3.037938750393152532e+00
3.545411364519907238e+00
3.550959123080701829e+00
3.601700769056435547e+00
3.617147733008494015e+00
3.678441383314066115e+00
3.910907343913493150e+00
