-2.230859930074075237e+00
-2.047046063289599260e+00
-1.504331842053943546e+00
-7.271049727205536328e-01
-3.480663749833183829e-01
3.324403048281965312e-01
4.147595680406084284e-01
7.907820476939377841e-01
1.303155286921537481e+00
1.306868076149839908e+00
1.434318883395462763e+00
1.559322618351870915e+00
1.582175420742714778e+00
1.975621239940664964e+00
2.384756017501786118e+00
2.405447888148046331e+00
2.409225271658215206e+00
2.440892693448404316e+00
2.463751912397128763e+00
2.565778884345490951e+00
