-1.606483719028517498e+00
-1.381740987488058181e+00
-7.674827355496347536e-01
1.288091133227737828e-01
5.387506327683126983e-01
1.433864989050022132e+00
1.498003999417647947e+00
1.876054179835961122e+00
2.327932491354232525e+00
2.388639983888822371e+00
2.702750295730027119e+00
2.824017035990550539e+00
2.948647945884999899e+00
3.162043207803122868e+00
3.591370449865024739e+00
3.597543083140806175e+00
3.642698912549946044e+00
3.680187667452571532e+00
3.701837557910437226e+00
3.814595342759133700e+00
