-2.442095011952915229e+00
-2.306452758202794939e+00
-1.793589503024122678e+00
-1.087008045084076002e+00
-6.625063964020228013e-01
-8.662301459116861224e-02
1.247400708962231874e-02
4.340745711961062625e-01
9.373461605719057843e-01
9.413336581055773422e-01
9.665087611647322774e-01
1.055937284967512824e+00
1.110515151405707002e+00
1.570593333424767479e+00
1.907093115325551480e+00
1.937199437234085053e+00
1.938806391874095425e+00
2.018449142124154605e+00
2.044457295633037575e+00
2.049010111804818735e+00
