-2.371935571696667466e+00
-2.234401605099264998e+00
-1.718624778251978569e+00
-1.006056373174942564e+00
-5.854994696128414944e-01
4.144203601754270494e-03
1.008652079544845037e-01
5.188282358067226596e-01
1.017397906754922587e+00
1.022055554516555276e+00
1.062819029284582939e+00
1.161071113303478342e+00
1.203580957830126863e+00
1.658827875777205918e+00
2.006807588964875322e+00
2.029921038687461987e+00
2.033441753905208316e+00
2.105665184833924286e+00
2.130088422003609594e+00
2.151578626042464748e+00
