-2.197162438690611452e+00
-2.063143144159766962e+00
-1.552800235996073752e+00
-8.382761333814414684e-01
-4.111342870146472706e-01
1.799079487809649436e-01
2.779570016200523241e-01
6.959210799523134483e-01
1.196666131364509056e+00
1.197224575779728184e+00
1.254994715959583118e+00
1.367519558701133064e+00
1.397082178262280650e+00
1.843318974985777459e+00
2.223241803727432853e+00
2.228827246341097634e+00
2.232137237438109878e+00
2.299037171489544562e+00
2.321445885230787098e+00
2.359026801130312379e+00
