-2.230451028313382267e+00
-2.166779920116368885e+00
-1.656025549909372785e+00
-1.064824246623629733e+00
-6.046214062569106318e-01
-1.038970988315668365e-01
-4.976265281356972991e-02
4.100080041162073030e-01
8.626260587127489998e-01
8.671376756055906299e-01
9.611608059133232018e-01
9.714830225238983985e-01
9.725211418121944007e-01
1.432262869119767856e+00
1.720023305607128350e+00
1.794190402017648012e+00
1.803626404251872373e+00
1.804599846446535594e+00
1.860075145187920498e+00
1.937666674435831737e+00
