-2.194467863660975127e+00
-2.008676877660036553e+00
-1.456295205549395178e+00
-6.802340742324304301e-01
-2.996314628653635737e-01
3.943158501897414681e-01
4.687904049242206383e-01
8.438078544895688538e-01
1.357480199010751676e+00
1.362159122563753044e+00
1.502723234701988986e+00
1.622138583948981250e+00
1.655699457653099671e+00
2.032631369256705511e+00
2.451131094272568589e+00
2.471517661895632045e+00
2.477680440755648306e+00
2.502076292264973745e+00
2.524223151584010338e+00
2.640847230100916931e+00
