-1.321712444187298985e+01
-1.022036193709172380e+01
-7.611144289614450997e+00
-6.893312981093487224e+00
-6.561933834964307266e+00
-6.280225015359576446e+00
-6.213290114641146999e+00
-5.825828418013188070e+00
-5.807764565930412459e+00
-5.214844908643343047e+00
-4.976794346565952765e+00
-4.973260558864424752e+00
-4.742992811051486512e+00
-4.581235335691552280e+00
-4.569115906571362018e+00
-4.442624741615404105e+00
-4.099272505135154177e+00
-3.888747242064120258e+00
-3.734092446201728421e+00
-3.692269180670180617e+00
