-3.004590746346110564e+00
-2.957516805477666821e+00
-2.186202972269086331e+00
-1.840137106342922380e+00
-1.433990943406115548e+00
-1.157735389617045030e+00
-7.450731150215688103e-01
-6.159784453167276297e-01
-2.180174434476214174e-01
-9.665819388354179864e-02
-4.620843505571770038e-02
8.168206393725085945e-02
1.551252028401961525e-01
2.537525724247871040e-01
3.240776239581748541e-01
6.086823078327654457e-01
8.670926893492492127e-01
8.826310357321744959e-01
9.008992637884887245e-01
9.356640532403162069e-01
