-2.388454092571919318e+00
-2.262110891824704595e+00
-1.750388819302315824e+00
-1.058884171419776976e+00
-6.180782292722142301e-01
-6.402761009667301551e-02
3.386273602518485859e-02
4.723675661807646975e-01
9.752077429366181605e-01
9.759151483012828976e-01
9.799812683850177564e-01
1.046387399634113535e+00
1.118857973342528567e+00
1.594623334771313239e+00
1.910807595202641096e+00
1.942786359461024404e+00
1.944673709396738559e+00
2.034770615078741685e+00
2.043270989699522033e+00
2.055186963611049578e+00
