-2.015141657568165101e+00
-1.775772939580747334e+00
-1.200546590894191468e+00
-3.535678243124493747e-01
-3.942541057404014282e-02
7.780269299119026982e-01
8.177118440007689060e-01
1.131734878158567881e+00
1.682296347365081601e+00
1.682885283089490258e+00
1.925628008550120285e+00
2.006548732091687270e+00
2.151606179435475497e+00
2.349757062933349516e+00
2.869469258047502080e+00
2.876194726238281874e+00
2.889842729734482418e+00
2.902364495746041939e+00
2.903122321057708177e+00
3.106451235952590650e+00
