-2.155314031720990897e+00
-1.955891588302620221e+00
-1.409579187893541530e+00
-6.140810550659807632e-01
-2.494119452767336043e-01
4.661538328600727255e-01
5.394320822015288286e-01
9.051634148363518761e-01
1.421960345494881039e+00
1.425930796993270633e+00
1.581457891283207573e+00
1.697123265774280299e+00
1.746482869182727882e+00
2.102350736613516347e+00
2.531317323830080568e+00
2.549720615930709755e+00
2.554664541521560750e+00
2.573875920210412005e+00
2.594890534344813204e+00
2.726861082062896458e+00
