-2.300765009622409707e+00
-2.164987080970604438e+00
-1.644516516538715223e+00
-9.355778700846713036e-01
-5.093096692435210571e-01
8.250909626076463610e-02
1.763793401296425145e-01
5.936697412435023580e-01
1.093181081836519297e+00
1.097746598694357090e+00
1.149454747202980798e+00
1.251696952891506953e+00
1.287490334034373518e+00
1.738544383399130311e+00
2.098398276179068489e+00
2.115010586083371891e+00
2.119643270911183208e+00
2.187689855185453780e+00
2.210200900604831986e+00
2.244295212403812911e+00
