-1.464943042015799080e+01
-1.135104135834104255e+01
-8.537904953506568972e+00
-7.697378489537662460e+00
-7.279079410736251532e+00
-6.977455830767461009e+00
-6.974241887290787645e+00
-6.573535426434197859e+00
-6.550470170950376314e+00
-5.895830575365771153e+00
-5.641655983884490411e+00
-5.537726819123363953e+00
-5.384877672009118044e+00
-5.215878999577775232e+00
-5.054336662195474617e+00
-5.012770699649522044e+00
-4.691301745521663236e+00
-4.471869298023491979e+00
-4.292732599142830452e+00
-4.212394699366228679e+00
