-2.272052148267903249e+00
-2.127709311866055941e+00
-1.617777181883866433e+00
-8.974472660102037480e-01
-4.804365159689041320e-01
1.186127994351409143e-01
2.155600196492741816e-01
6.293556809196161339e-01
1.129149237058300059e+00
1.133040839556997526e+00
1.187646143154779566e+00
1.295077846469212091e+00
1.326775856752647087e+00
1.778240435492989491e+00
2.139977017557612271e+00
2.153352901084872428e+00
2.156704596220151871e+00
2.225784006812318694e+00
2.246829554980649846e+00
2.285261076969618443e+00
