-1.871613108948622539e+00
-1.642687481237771863e+00
-1.056271569364525931e+00
-1.897254971472648322e-01
1.369274083831442113e-01
9.910917750662520120e-01
1.024785896937373764e+00
1.353378775357668928e+00
1.895372790153942333e+00
1.902993111833438888e+00
2.170054396498471760e+00
2.246272037925336917e+00
2.416581294841762428e+00
2.612154191083845944e+00
3.118013970662559586e+00
3.138772888336916367e+00
3.140034457775527699e+00
3.152689382877724711e+00
3.168483191364430240e+00
3.394043919241539697e+00
