-2.420731485297437757e+00
-2.284892614101408981e+00
-1.768959345703478903e+00
-1.064204760390566662e+00
-6.378865531296469271e-01
-5.857710099371615797e-02
3.854339967074338347e-02
4.600889872090192512e-01
9.625128364714328200e-01
9.672971187974326313e-01
9.961018064350355417e-01
1.088511082882178016e+00
1.139391061005881056e+00
1.597564080380834639e+00
1.937189302261685953e+00
1.965692122670589015e+00
1.968931917814188637e+00
2.046810824045678601e+00
2.070740793395088986e+00
2.080819875889574178e+00
