-2.216033094287922722e+00
-2.123521175268251682e+00
-1.618388266306283185e+00
-9.739874124206835404e-01
-5.170345972937866463e-01
-1.913818552566226572e-03
8.370645489412709139e-02
5.357909947779262438e-01
1.005043747559284384e+00
1.051183734581172757e+00
1.053921116586934659e+00
1.056119962775483145e+00
1.136538524398929439e+00
1.612934994291208568e+00
1.929098731864542060e+00
1.962277714204901713e+00
1.967399953221502074e+00
2.023754424420076248e+00
2.038963116448030632e+00
2.079069395467740833e+00
