-1.914596589111170033e+00
-1.688353214360176935e+00
-1.108073748230708588e+00
-2.560994579093858192e-01
7.279795100839692168e-02
8.947259463916452660e-01
9.371706992506005918e-01
1.266372643704926304e+00
1.816706084725865367e+00
1.818868207805735437e+00
2.062147434741291363e+00
2.151581619209082419e+00
2.291740110730643210e+00
2.511079659658207675e+00
3.021464478393681929e+00
3.021884705757202028e+00
3.039112715555802424e+00
3.044917053638073412e+00
3.047091269327665941e+00
3.267504984411971236e+00
