-2.115085654353606515e+00
-1.864920901134610176e+00
-1.311751991837809328e+00
-5.076938037309446372e-01
-2.085649317450588569e-01
5.627397013449808583e-01
6.084691461073816754e-01
9.167208577055134811e-01
1.458017277371254750e+00
1.461296455767296720e+00
1.649020003322220873e+00
1.736076038418104872e+00
1.830803690507309511e+00
2.087367515516234562e+00
2.549375373593647964e+00
2.584953558187407907e+00
2.597081423416966572e+00
2.601482608821243048e+00
2.603457964149129111e+00
2.766915832871745806e+00
