-1.038346563523703026e+00
-4.771419171035518048e-01
3.179449981748803111e-01
1.344155382092708351e+00
1.423943936316732106e+00
2.547215856081322727e+00
2.550441408988660896e+00
2.839944085757338144e+00
3.258622117503648496e+00
3.280869586741232524e+00
3.733300084864140445e+00
3.765239571749816605e+00
3.934105334203252369e+00
4.474291507695625114e+00
4.504327710210077385e+00
4.606986818623056479e+00
4.731508584855816935e+00
4.875418838997859439e+00
4.879388375261328292e+00
4.917212535592454969e+00
