-4.652525435257082620e+00
-4.447673360481722682e+00
-3.304319834937231803e+00
-3.168563060065551440e+00
-3.082647834086145622e+00
-2.887335856113949717e+00
-2.601293177823471581e+00
-2.551863736906724967e+00
-2.253851847549299237e+00
-1.877288047627345691e+00
-1.598333918908465989e+00
-1.532442965657168088e+00
-1.202111971666028012e+00
-1.159211356266702353e+00
-1.104534707943344074e+00
-1.094286333378114762e+00
-1.039679202382608025e+00
-9.473796863843944038e-01
-8.664975470572500171e-01
-8.074831752854123579e-01
