-2.079123481682472629e+00
-1.851564857342964387e+00
-1.280939108955863048e+00
-4.547383151730173267e-01
-1.210881849565339508e-01
6.654670159205124946e-01
7.144311165575345512e-01
1.047001536313473480e+00
1.580800774625458871e+00
1.584978714969111024e+00
1.804035473054682370e+00
1.888488490634699701e+00
2.003975618101321743e+00
2.254910571207801695e+00
2.749861292228160892e+00
2.755659224416376674e+00
2.771516367605727282e+00
2.778479969570980757e+00
2.780021718808711739e+00
2.973722517810529098e+00
