-1.712320637584269889e+00
-1.572401137139806337e+00
-9.698517640258330630e-01
-3.103426929067154560e-02
4.930580185232713575e-01
1.269046768251470780e+00
1.434416781877843050e+00
1.841559688784769833e+00
2.288331743984329592e+00
2.288834141952378332e+00
2.538264393985897982e+00
2.597456590741856530e+00
2.822525713518999169e+00
3.136030426348057176e+00
3.479515306920546891e+00
3.522013350111265595e+00
3.560831849496835844e+00
3.572239609799268578e+00
3.605167415934673159e+00
3.797434244737800668e+00
