-2.272151157001644606e+00
-2.158062590879126219e+00
-1.652631538543573697e+00
-9.766482553186506266e-01
-5.309370988361479249e-01
7.446863302902784199e-03
1.026786978454765631e-01
5.443911844813555945e-01
1.036621030671085464e+00
1.047690520752439625e+00
1.051515833783923881e+00
1.101579824331565760e+00
1.174729279964594753e+00
1.650604890512113343e+00
1.967921732408285607e+00
1.996396791309962282e+00
1.996712168018348166e+00
2.087677292274747742e+00
2.090538510161422892e+00
2.105412362800052506e+00
