-5.525590124887162347e+01
-4.404044717092770611e+01
-4.016841959246016813e+01
-3.920006880564372409e+01
-3.632549320888540478e+01
-3.183314859768137239e+01
-3.119178322409541693e+01
-2.906698165264157296e+01
-2.861310154377130743e+01
-2.689006846679913565e+01
-2.676066340373006369e+01
-2.651867852901688138e+01
-2.516098065372125347e+01
-2.514879967403683736e+01
-2.498333242541238519e+01
-2.411451270223861343e+01
-2.336356897933293908e+01
-2.316353260763861499e+01
-2.237767616064164145e+01
-2.155187537376167484e+01
