-2.324013904217281379e+00
-2.148823645693482831e+00
-1.618906731935567223e+00
-8.620685653731925413e-01
-4.707672313088551164e-01
1.793715915555367246e-01
2.683003766578622162e-01
6.596241846782504581e-01
1.167642514912586194e+00
1.172011311675305478e+00
1.264207573483872693e+00
1.391827831794216763e+00
1.398567678188555874e+00
1.830994240583095234e+00
2.210146586592600215e+00
2.234161405700433534e+00
2.238060245043016039e+00
2.287056708257296123e+00
2.310002471356710885e+00
2.379218895235680975e+00
