-1.383249789064848301e+00
-1.016448364208542898e+00
-3.344840247642650866e-01
6.853793895834314753e-01
8.759529481657750694e-01
1.945151600023848459e+00
2.041609531816277467e+00
2.168702899013908336e+00
2.745538936928198837e+00
2.764565386037475037e+00
3.234503058379289087e+00
3.240655592369819260e+00
3.465884535604971006e+00
3.677364363396691260e+00
4.028546043691733303e+00
4.056711980313764343e+00
4.172507511139201597e+00
4.176069163711702004e+00
4.190693181120138888e+00
4.438145749350951519e+00
