-2.252811700964230113e+00
-2.038750570136471651e+00
-1.502098034601658583e+00
-7.300921022542752326e-01
-3.916109543206403032e-01
3.058776629623025656e-01
3.770147542818449438e-01
7.223676950525259599e-01
1.247834133202559315e+00
1.251228686523973010e+00
1.377838061933289282e+00
1.494052404857939109e+00
1.527010433332179673e+00
1.881008643205859698e+00
2.289933543739607558e+00
2.336119630577741191e+00
2.338069403951521963e+00
2.356084863902651705e+00
2.378168487659422681e+00
2.480417302736896090e+00
