-1.840352046422310650e+00
-1.718192024907281734e+00
-1.105830547273413345e+00
-1.661725276250081151e-01
3.941173826663799673e-01
1.151144608216270626e+00
1.332299520156183803e+00
1.759948923584744307e+00
2.204664994299022851e+00
2.205100150730118003e+00
2.446917458740600182e+00
2.504201214277458121e+00
2.719600753623083733e+00
3.067703772679806207e+00
3.391286866887810447e+00
3.451312134356157912e+00
3.480241293886322751e+00
3.486122395020956333e+00
3.533993036730890935e+00
3.734160921663146837e+00
