-2.362649458766099997e+00
-2.188383001615875401e+00
-1.653398907976225019e+00
-9.016312304156599566e-01
-5.098265168635407463e-01
1.396172320091864094e-01
2.260421679966384545e-01
6.149966937518911436e-01
1.126108160504372790e+00
1.130675578053342178e+00
1.222638045204803348e+00
1.351316108353785239e+00
1.354576242694747634e+00
1.780708410398801789e+00
2.165762298376648687e+00
2.193641288045910187e+00
2.197783903771778569e+00
2.243238320952514187e+00
2.265236233739415184e+00
2.334578854104620405e+00
