-1.850838604965929335e+00
-1.630480883075733800e+00
-1.031060815169212219e+00
-1.465381878406333271e-01
1.890857897155910905e-01
1.058853558298551434e+00
1.090638525558915717e+00
1.420945137913122380e+00
1.956212116003143819e+00
1.965628029173103641e+00
2.267948883516964997e+00
2.317443401725768126e+00
2.516887971942878721e+00
2.701329210007543224e+00
3.204852130076005778e+00
3.224499619428115693e+00
3.238357498586765360e+00
3.247997119394085530e+00
3.265143459310138496e+00
3.504004171360747932e+00
