-2.235200604631245369e+00
-2.097904860396738513e+00
-1.579378143271242152e+00
-8.593643628246354638e-01
-4.417412981147208484e-01
1.614725058479962172e-01
2.573354740725335432e-01
6.692035847172519425e-01
1.165143066209566314e+00
1.169113465150076081e+00
1.231326061813888373e+00
1.342582947852861253e+00
1.370451108892666525e+00
1.819632221247957204e+00
2.186600142920724466e+00
2.197836977717088303e+00
2.201503659254740342e+00
2.263973559491205378e+00
2.288116929839816294e+00
2.334452985811367398e+00
