-2.757715854761642049e+00
-2.720231980845852604e+00
-2.021306863223372829e+00
-1.636977881982033978e+00
-1.198138640142929034e+00
-8.903973860153939768e-01
-5.782372003849332032e-01
-3.171790666712013262e-01
1.003730788686425512e-01
1.922399509233514436e-01
2.640937053524794464e-01
2.946267958874955184e-01
3.635568174400702901e-01
4.578342779538502327e-01
6.817938015043409905e-01
8.872647730323706128e-01
1.117973710335490978e+00
1.146884987085968532e+00
1.150764471902419928e+00
1.286522782096653827e+00
