-2.460920031589921564e+00
-2.323621449628262781e+00
-1.812268216948723421e+00
-1.106394755814108066e+00
-6.808115864114370197e-01
-1.056232052651466802e-01
-6.910177806275896728e-03
4.154692486772546545e-01
9.179298841772833839e-01
9.225875975680537522e-01
9.455062236083904281e-01
1.031746531138196588e+00
1.088207804452395067e+00
1.550725500055705197e+00
1.884516527105006389e+00
1.915754572415607981e+00
1.918613684087176807e+00
1.998793138918699697e+00
2.024035271213506348e+00
2.026172151439823210e+00
