-2.306544779297837522e+00
-2.123841001819528174e+00
-1.583911760564660653e+00
-8.161610731476685032e-01
-4.372358680557226762e-01
2.380248193658189848e-01
3.197377146061626263e-01
6.986901298951124772e-01
1.210242541063053068e+00
1.214729313920543063e+00
1.330351849945145659e+00
1.455063010864250828e+00
1.471857459808234125e+00
1.871651669593120459e+00
2.275035531427420210e+00
2.299608715540671255e+00
2.304031922722060699e+00
2.336766811466077343e+00
2.359740973930456676e+00
2.451806526063592173e+00
