-2.399178518295229878e+00
-2.257490623829653487e+00
-1.747403218789258972e+00
-1.035708590279682539e+00
-6.151402786417747848e-01
-2.961999423132510856e-02
6.860121952922781929e-02
4.873324418440461159e-01
9.895785465123481117e-01
9.939288693203707226e-01
1.026936931455566082e+00
1.121665597602259368e+00
1.170048299856716767e+00
1.628295229354989715e+00
1.970027378541999497e+00
1.995206499312189408e+00
1.998094704307732172e+00
2.074832255908404477e+00
2.098533939373737667e+00
2.113671561579394620e+00
