-2.116688284686460975e+00
-1.920411100094497669e+00
-1.360774758535626461e+00
-5.595756003294809489e-01
-1.971666207246016711e-01
5.338602831543539651e-01
6.026966420031385496e-01
9.633079418472334510e-01
1.480045911965135019e+00
1.484403780794309569e+00
1.655718000018168823e+00
1.767050633368853596e+00
1.829820107954219566e+00
2.167388490899611497e+00
2.608641919177898671e+00
2.626996089180465788e+00
2.632608063899169792e+00
2.640734212911411305e+00
2.664826327367336489e+00
2.811787145985363168e+00
