-2.364386990218918072e+00
-2.223969670103542740e+00
-1.710015352127811639e+00
-9.956739029476011638e-01
-5.716788440877280664e-01
1.731922399631002918e-02
1.142278263869229704e-01
5.325491448274988215e-01
1.032465067943121539e+00
1.036409467487828806e+00
1.080362488683022093e+00
1.176987045470013982e+00
1.218445594175136648e+00
1.675908510034787469e+00
2.028213407331350027e+00
2.048058954405860277e+00
2.052119975443929434e+00
2.124888866190303816e+00
2.147576407471206039e+00
2.171157125500030816e+00
