-2.218255915910390286e+00
-2.154652319440856445e+00
-1.619743502894721132e+00
-9.968011925385553695e-01
-5.174285722818012800e-01
1.479425273976175959e-02
8.100268508098906750e-02
5.763347359070394305e-01
1.068762337604425738e+00
1.074586665846823053e+00
1.090484121086547020e+00
1.101953844361673873e+00
1.190724710726613012e+00
1.739430156470575639e+00
2.032469753754298836e+00
2.038202841085762884e+00
2.069835198206192217e+00
2.153996391992791359e+00
2.169010945777927191e+00
2.170775015521371643e+00
