-2.229657070839493826e+00
-2.130702972147446417e+00
-1.620964304143853951e+00
-9.664992725856791367e-01
-5.090496660250209970e-01
1.303158994596742559e-02
1.026626705242961179e-01
5.532094874488393543e-01
1.034729677953691862e+00
1.057732855900212598e+00
1.063505428602184111e+00
1.086899706790063647e+00
1.162783414804835047e+00
1.642478346154348401e+00
1.958084894356943551e+00
1.989157117359354743e+00
1.990313850379607175e+00
2.065137988061906071e+00
2.075917854408544372e+00
2.097885436460273922e+00
