-1.610618519647857738e+00
-1.391815154965570400e+00
-7.431049290153737275e-01
1.562441236206950634e-01
5.154741586382556306e-01
1.435089550755378696e+00
1.463388503420048892e+00
1.770634874884137844e+00
2.320490927270270731e+00
2.340125469238728328e+00
2.687779928386760275e+00
2.733817836406046808e+00
2.940132030025438326e+00
3.062858264403246267e+00
3.575089560229628205e+00
3.580535906556065129e+00
3.637451415815405653e+00
3.651467426790418358e+00
3.709486016422033572e+00
3.946728529816709852e+00
