-2.237405145675438689e+00
-2.041153990845486987e+00
-1.495109356532339007e+00
-7.083852847172238398e-01
-3.442764524734229781e-01
3.578907654482463840e-01
4.335343128332169726e-01
7.958623540762346238e-01
1.315763771814090433e+00
1.319194631341815693e+00
1.462697602059051860e+00
1.579469774649624014e+00
1.621261907479492947e+00
1.981042624007386621e+00
2.408888278361700941e+00
2.432630872885056306e+00
2.436130736216000514e+00
2.455205026148178149e+00
2.476855552111373981e+00
2.596189286945445929e+00
