-2.220903039181393979e+00
-2.084882163910151576e+00
-1.567981939635501476e+00
-8.540756046568276361e-01
-4.275923728864654549e-01
1.678783022798597813e-01
2.633132617129376740e-01
6.816000272419842076e-01
1.174974025238952891e+00
1.179379495028115343e+00
1.243930923317748238e+00
1.350389329793870274e+00
1.376317921084591944e+00
1.827424205698662263e+00
2.200832475706192781e+00
2.206266313924970746e+00
2.213511845723587612e+00
2.274917845405980188e+00
2.300213053193147061e+00
2.344840732875127287e+00
