-2.401130436672247015e+00
-2.238078015085193329e+00
-1.712628295572358184e+00
-9.721415697713382542e-01
-5.677589785918826237e-01
5.462692787114065140e-02
1.483448576327646151e-01
5.503985517570981756e-01
1.055563674482982606e+00
1.060222823041840456e+00
1.127723942423472181e+00
1.238791992494952865e+00
1.265996074667782523e+00
1.709487870612065308e+00
2.071150190851767547e+00
2.099572867256938480e+00
2.103329410834703594e+00
2.163585044807405211e+00
2.187461816080030985e+00
2.230106502509443089e+00
