-9.004400787414965635e-01
-2.934470886480085028e-01
5.467250784562338595e-01
1.527450219777165330e+00
1.664307152370156473e+00
2.716523111604885798e+00
2.766483785211619306e+00
3.163508352482097052e+00
3.468281791880713172e+00
3.483819217024574755e+00
3.891532136393493602e+00
3.978211018762692674e+00
4.242452745907826284e+00
4.748157591757831142e+00
4.823937669864392319e+00
5.008027334766268268e+00
5.050337728483043520e+00
5.192696083489295233e+00
5.227786192665860199e+00
5.311409862027289819e+00
