-2.250430287225583470e+00
-2.190769599171005666e+00
-1.650559662323757948e+00
-1.069873777762211375e+00
-5.990145256187133782e-01
-8.159654766251378533e-02
-7.079080667438120145e-03
4.575465067622417337e-01
9.762054319858179952e-01
9.782722145318984985e-01
9.930864629645839159e-01
1.000845423933583334e+00
1.060989185609344077e+00
1.583951059100002112e+00
1.871294536529887864e+00
1.898440732937444864e+00
1.905785085899196929e+00
1.964537328273706862e+00
2.016406087488007870e+00
2.035162964381868278e+00
