-2.420385176228592172e+00
-2.284349733483395539e+00
-1.768493585608666763e+00
-1.063637089493568055e+00
-6.377547477022744715e-01
-5.811958560661878437e-02
3.887923163711093366e-02
4.599290990736335516e-01
9.620491784880869091e-01
9.668220892490353435e-01
9.963403601432219148e-01
1.089118253497872502e+00
1.139428144539124332e+00
1.597031291996245272e+00
1.937124791089445353e+00
1.965362636110512540e+00
1.968620875137276016e+00
2.046122547675622627e+00
2.069976313941879198e+00
2.080733888971735723e+00
