-1.644800554732654518e+00
-1.418976341917812078e+00
-7.992693163840840498e-01
1.042495562463159331e-01
5.191020265845338599e-01
1.426239899893857910e+00
1.488589922231398077e+00
1.869314826723950773e+00
2.322343202600478662e+00
2.382476717282628442e+00
2.702775463883511975e+00
2.827474131687921499e+00
2.955610463226463480e+00
3.159999657466613598e+00
3.597006489059623391e+00
3.603026607165446649e+00
3.644287600484517498e+00
3.688070297070510151e+00
3.702843398581364909e+00
3.823785367885790265e+00
