-2.129174268265614955e+00
-2.006515342947750469e+00
-1.497655075962939009e+00
-7.933783896723980433e-01
-3.610679967678152025e-01
2.265008349777417607e-01
3.251467334030166967e-01
7.498358732291308115e-01
1.257123997537746618e+00
1.258875930360318307e+00
1.303238901172790065e+00
1.408109691078607284e+00
1.450962455895933090e+00
1.900228721223811590e+00
2.266954248802903749e+00
2.271737889734140481e+00
2.277962632633261819e+00
2.352561605712708115e+00
2.375221215425426635e+00
2.412335352044010506e+00
