-2.162197793560835635e+00
-2.091493392802249218e+00
-1.564672204350131324e+00
-9.314646801723256431e-01
-4.591522206573017684e-01
7.464302144364864944e-02
1.471887252268970769e-01
6.336081218327080933e-01
1.114459199050884308e+00
1.135077386714215208e+00
1.136476557152491296e+00
1.172678493633270591e+00
1.255443304574328067e+00
1.791494942418125902e+00
2.089517655179065514e+00
2.093485256923941051e+00
2.125588528260209387e+00
2.199599076568006240e+00
2.216449964823254959e+00
2.235513370224794016e+00
