-2.116776487369861570e+00
-1.901119510115677258e+00
-1.334977783744761837e+00
-5.196811925943620736e-01
-1.812512345295544947e-01
5.853756889737269375e-01
6.416747930670680944e-01
9.808381123657454737e-01
1.510463210390298627e+00
1.514476747061053175e+00
1.711033056772066629e+00
1.807910629937396152e+00
1.901825382543393061e+00
2.185191280914295930e+00
2.656055140063472209e+00
2.673617017197102541e+00
2.680135183118181885e+00
2.685070214029110502e+00
2.696206260003236821e+00
2.870191884017913253e+00
