-2.376146230788435787e+00
-2.212495977859362029e+00
-1.683505460532614961e+00
-9.386312836431898177e-01
-5.376787548593711108e-01
9.062009237823076546e-02
1.836523121746722609e-01
5.828664280415978283e-01
1.089524086070014164e+00
1.093485346544184722e+00
1.167963192478055134e+00
1.285026394456508569e+00
1.306611166044604033e+00
1.745679741579806432e+00
2.112781341827940196e+00
2.140469385500182398e+00
2.142994951282162219e+00
2.200268575630616397e+00
2.225194649945478886e+00
2.274556694886996411e+00
