-3.058108712810454222e+01
-2.151990002179246630e+01
-2.112494861028210380e+01
-1.958930502720755840e+01
-1.846701480062716882e+01
-1.733835198124299382e+01
-1.704102084803551520e+01
-1.669705578207691588e+01
-1.614814180320905734e+01
-1.515578108148440606e+01
-1.497891035966856066e+01
-1.473352031728049383e+01
-1.469303940408212839e+01
-1.461770025625045832e+01
-1.455179889611420663e+01
-1.426340364136925132e+01
-1.411245465552093492e+01
-1.391327182308046417e+01
-1.321116626352898038e+01
-1.307643606453640928e+01
