-2.401897178970102686e+00
-2.260674153425497934e+00
-1.750480536706163548e+00
-1.038981787736702245e+00
-6.179576086215092801e-01
-3.274856276402715594e-02
6.545920167263830081e-02
4.845047262424486689e-01
9.865107586738304235e-01
9.908597012545214966e-01
1.023839184948883485e+00
1.118477149131649639e+00
1.166894543915987015e+00
1.625358511206286494e+00
1.967189837123441976e+00
1.991927209608547855e+00
1.994839262129971758e+00
2.071734942757757381e+00
2.095436918512859847e+00
2.110525488555140328e+00
