-4.616592290489137440e+00
-4.548193747450142155e+00
-3.152783476404891871e+00
-3.110585290674791281e+00
-2.956601233321862310e+00
-2.926791760012271482e+00
-2.626938928809252616e+00
-2.430594852488184188e+00
-2.326703852154508922e+00
-1.801814611889760442e+00
-1.587383900379442991e+00
-1.534526226287077577e+00
-1.263511268610869820e+00
-1.215410900992864640e+00
-1.173689639742079294e+00
-1.148159347386915385e+00
-1.067606196880795721e+00
-9.937349093618195184e-01
-8.599767554434905037e-01
-8.555853898894056897e-01
