-2.094716849145697779e+00
-1.892496112825028831e+00
-1.329503073713567574e+00
-5.208944314654218033e-01
-1.553122732584597543e-01
5.860212699863041053e-01
6.514259835548728006e-01
1.012157877061326872e+00
1.529266302786709275e+00
1.533798892054619500e+00
1.722006978012359468e+00
1.824605791269277688e+00
1.900660351517217350e+00
2.220553592987926095e+00
2.679506923741428182e+00
2.692608993425892550e+00
2.702068058133590966e+00
2.702096810688090045e+00
2.726724121253937483e+00
2.888265085688544787e+00
