-2.330556956421787618e+00
-2.191593931165698450e+00
-1.677843458881397964e+00
-9.623365559637022670e-01
-5.420424919320794288e-01
4.673998057114658877e-02
1.453224970973678865e-01
5.601151233277050778e-01
1.061160413730249275e+00
1.064846690776903415e+00
1.110538603737950325e+00
1.211991782834957121e+00
1.251212685485370457e+00
1.704509275077725761e+00
2.060715696265106089e+00
2.079436376170633594e+00
2.081852219678694382e+00
2.153146147651568754e+00
2.176413935692835366e+00
2.203037838440650376e+00
