-2.387382321860059164e+00
-2.216771229257574305e+00
-1.686649269744521007e+00
-9.362681135535240173e-01
-5.430403195350663736e-01
9.628605200850870460e-02
1.867465355462627485e-01
5.786060886894119903e-01
1.088804920029360801e+00
1.092557075215154327e+00
1.175767871318385005e+00
1.298795675786095671e+00
1.310714550723787397e+00
1.741683590153115802e+00
2.119440076072351076e+00
2.148020086548058316e+00
2.150450842600548640e+00
2.200729172109276988e+00
2.224768012776621617e+00
2.283515902279759757e+00
