-1.585071066471755330e+00
-1.269057396066159527e+00
-5.978930785760212530e-01
3.743422560587532644e-01
5.870743564573785989e-01
1.608495043642619748e+00
1.655976574805436030e+00
1.838428410114261169e+00
2.444535224815581387e+00
2.461332136656892544e+00
2.878690686432264556e+00
2.913530219322638004e+00
3.145740571312217071e+00
3.231275889912581079e+00
3.710736099460518744e+00
3.732774571027675847e+00
3.827023960263773006e+00
3.844255453946971102e+00
3.872684504644894332e+00
4.139092145604990947e+00
