-2.440699239363311790e+00
-2.304838719661347568e+00
-1.791696565924212337e+00
-1.084625986899482086e+00
-6.602501437009777874e-01
-8.382460406573954970e-02
1.524283581238705665e-02
4.366972545540193096e-01
9.398102946288418025e-01
9.438031994795892388e-01
9.696390311582945287e-01
1.059372447751229629e+00
1.113665056691388600e+00
1.573629579812404700e+00
1.910339432157343253e+00
1.940264861754258163e+00
1.941898704215418547e+00
2.021385761443525553e+00
2.047393402797752060e+00
2.052485078398603946e+00
