-1.978756854539824417e+00
-1.693401183712921920e+00
-1.120405788824427873e+00
-2.800079057669790927e-01
-2.853341585614543874e-02
8.243612215010216460e-01
8.403934428879438201e-01
1.111523931756892125e+00
1.676310392234881874e+00
1.679376333006075583e+00
1.925729629554552957e+00
1.985204713026178069e+00
2.150069676097700722e+00
2.298528846389672253e+00
2.814725621990874060e+00
2.820548299876463716e+00
2.837978135547018610e+00
2.868655194099119399e+00
2.871825197296857368e+00
3.063610237304601469e+00
