-1.924417577821714076e+00
-1.700546214677160606e+00
-1.120636640047450783e+00
-2.695160831103748933e-01
6.285197669558328926e-02
8.813646146836617845e-01
9.254861314393565408e-01
1.257462232852958550e+00
1.806611168320614524e+00
1.808775462773610343e+00
2.049957901826019224e+00
2.140892275323494687e+00
2.278076190183128347e+00
2.502844601646756928e+00
3.012104930216992216e+00
3.012110977396787348e+00
3.027947881841100752e+00
3.035610469459243177e+00
3.036096563857881847e+00
3.256139662184978079e+00
