-2.337218904714973178e+00
-2.153819059043598827e+00
-1.622246343569713645e+00
-8.589098410229780711e-01
-4.768203658677521162e-01
1.869481990433996543e-01
2.723567307693883777e-01
6.550324992858804762e-01
1.167610244199750014e+00
1.171739101249841042e+00
1.274383255062275566e+00
1.403839132595749106e+00
1.409086041014234070e+00
1.826833621889818460e+00
2.218827514669101220e+00
2.244023112929426134e+00
2.247799031596514396e+00
2.288494933905894868e+00
2.310457142499217298e+00
2.390975925038219430e+00
