-1.702557343508260601e+00
-1.467378456005121734e+00
-8.393412750705238068e-01
7.141585975875841541e-02
4.002910427082042588e-01
1.297662345231856307e+00
1.330953279900199959e+00
1.657181533107859650e+00
2.197061834804685532e+00
2.207356149417933011e+00
2.565869951175614005e+00
2.604347749707358162e+00
2.809486098258275888e+00
2.969641666473876285e+00
3.473083198466383692e+00
3.498710817638198023e+00
3.516707787938003094e+00
3.523948879397607925e+00
3.568324081734544961e+00
3.804259638954249567e+00
