-2.142383885309754987e+00
-2.021958983364584128e+00
-1.512388687180646230e+00
-8.092602858537247812e-01
-3.749982556587383442e-01
2.111819753486088302e-01
3.096163886616523087e-01
7.354941436965418688e-01
1.241144306246496853e+00
1.242877318839418876e+00
1.287721526644418191e+00
1.392350199427255575e+00
1.434964741371459240e+00
1.884856939977908041e+00
2.249844997217223863e+00
2.256137942004443175e+00
2.262031474584091484e+00
2.336073041316012677e+00
2.358671247238362412e+00
2.396131062494532671e+00
