-1.273754703527970378e+00
-8.761409399110959839e-01
-1.682912187096121670e-01
8.503972014517842126e-01
1.017204413703865384e+00
2.132118742641324616e+00
2.259879715997186622e+00
2.326182386874364738e+00
2.897907128491027606e+00
2.913826882057634293e+00
3.440974991416169360e+00
3.445763753181694256e+00
3.584255661556767336e+00
3.922074936089614994e+00
4.199944384594573421e+00
4.255334707210153056e+00
4.339002956953692092e+00
4.416678492469060302e+00
4.424064682317236930e+00
4.615509309015834560e+00
