-1.770313312484404378e+00
-1.489303470950289920e+00
-8.658925138554423029e-01
5.994497285382749396e-02
3.128382100167073077e-01
1.284339792289074467e+00
1.303859018593584551e+00
1.543940278598256555e+00
2.126955438733148185e+00
2.136231275564114185e+00
2.508170935764383103e+00
2.515932785701124885e+00
2.814627324960611077e+00
2.822534149633156630e+00
3.373329150627569106e+00
3.389127845391385563e+00
3.449808822713748668e+00
3.476548846649848201e+00
3.492330403792266225e+00
3.747155491312241793e+00
