-1.493758377474023291e+00
-1.082622412503496889e+00
-3.964982195714128466e-01
5.910535896086912544e-01
6.595944434948251001e-01
1.741326991173082206e+00
1.849355856162674172e+00
1.881684444971142511e+00
2.527953017491881837e+00
2.536521686273317755e+00
2.925605774154746541e+00
3.043103854063019753e+00
3.101041492152489809e+00
3.437211320785308999e+00
3.738946066817334213e+00
3.750526879535527769e+00
3.874624344827452660e+00
3.946899054534696916e+00
3.962087143503822517e+00
4.185489120622605697e+00
