-1.971953944248525659e+00
-1.760347553874453297e+00
-1.177963188340982015e+00
-3.484689928700390738e-01
-1.838948901422554627e-04
7.908002464419041644e-01
8.390918710974801797e-01
1.175139650235905719e+00
1.711360155486545409e+00
1.719910268243438622e+00
1.943156117537910177e+00
2.034567602358038130e+00
2.153287237793847453e+00
2.406888463173345372e+00
2.904652858002009452e+00
2.908429147305469087e+00
2.922218138686730526e+00
2.931334305233576742e+00
2.933608915755030466e+00
3.134783544818674272e+00
