-2.289065229384505074e+00
-2.176074591559881810e+00
-1.660665376102770097e+00
-9.851611658978072228e-01
-5.351218680571037112e-01
7.298430411537992768e-03
1.008228092505305540e-01
5.421040477158385329e-01
1.041892349505360471e+00
1.044664389517492964e+00
1.049700383329764009e+00
1.107638639479773701e+00
1.179460254712466849e+00
1.653665883492067223e+00
1.974305400846787961e+00
2.003033111264812760e+00
2.005859744480403606e+00
2.094819005729732453e+00
2.101264540182455676e+00
2.113672043553378899e+00
