-2.278111325601003045e+00
-2.225756693219409499e+00
-1.712790845547260687e+00
-1.158361498851263605e+00
-7.072091507495770202e-01
-1.950632567900356662e-01
-1.913190897826098080e-01
2.739686968191108463e-01
7.016540932618227089e-01
7.255680442697212129e-01
7.607297635315717343e-01
8.766415524171407014e-01
8.775934982431863318e-01
1.251530264749135313e+00
1.527025415182379220e+00
1.602500072292741606e+00
1.655635883025070143e+00
1.659185935056029848e+00
1.712327300632978222e+00
1.792189900508901701e+00
