-4.693491288835360820e+00
-4.291519267585698572e+00
-4.167795127931498200e+00
-3.027105045685487994e+00
-3.027105045685487994e+00
-2.937624029336944886e+00
-2.809556674710194102e+00
-2.809556674710194102e+00
-2.732818938373895890e+00
-2.595493180072196537e+00
-2.493713191520498640e+00
-2.300768541826386127e+00
-2.280342259951993356e+00
-2.258629261657944198e+00
-2.162915997744477181e+00
-2.121070531643880486e+00
-1.972068787878811236e+00
-1.869647189700799572e+00
-1.852376846794584253e+00
-1.831696189253875673e+00
