-2.130230403676250717e+00
-2.019068039392323044e+00
-1.515794588979133550e+00
-8.200579852243663481e-01
-3.778370841314426798e-01
2.050601795297097851e-01
2.994240826249097154e-01
7.390332653667428531e-01
1.230995524210129588e+00
1.235843159355454191e+00
1.265866650769794433e+00
1.371968811000897404e+00
1.413267045750217221e+00
1.884409966908378919e+00
2.240310031847229766e+00
2.250517301564741501e+00
2.256013765377474556e+00
2.325981171495186572e+00
2.342860437381659722e+00
2.384837475430003906e+00
