-1.694044199390738470e+01
-1.157720347420902840e+01
-1.005784817239189977e+01
-9.764719105044861180e+00
-9.515805319943154927e+00
-9.064335946997985616e+00
-8.963310190008613176e+00
-8.803680054807557553e+00
-8.691010226570597297e+00
-8.267478865655476739e+00
-7.919593271510379395e+00
-7.845917927293200478e+00
-7.759960137249436229e+00
-7.639750349269675667e+00
-7.515817923453738558e+00
-7.080804852872589095e+00
-7.029690673339416662e+00
-6.914187576697202076e+00
-6.687310822128054610e+00
-6.599685142054539710e+00
