-2.070044507643615361e+00
-1.814110834104212699e+00
-1.252048304177151294e+00
-4.368268418293155264e-01
-1.516615800719591789e-01
6.397374187472451013e-01
6.786676513693237212e-01
9.751008463717880659e-01
1.523869443622970721e+00
1.526901848530542338e+00
1.730696016136789694e+00
1.812861321614036569e+00
1.927255630325817037e+00
2.152146120832185261e+00
2.629555835577775724e+00
2.655785274062509416e+00
2.675322960072662681e+00
2.679991640477965120e+00
2.682579504042223562e+00
2.855603158175654244e+00
