-1.895013543673030654e+00
-1.631594334101464483e+00
-1.036293361784828448e+00
-1.565052113710407866e-01
1.234261146250901220e-01
1.019116251022296638e+00
1.031783596960849536e+00
1.318957925552695087e+00
1.899597605635335640e+00
1.901207315660485619e+00
2.191903099401315558e+00
2.249308566999388859e+00
2.457099937389102706e+00
2.565317944757225632e+00
3.107851732896961039e+00
3.129000989817541267e+00
3.135194921245329169e+00
3.165372626657699584e+00
3.171606834240719763e+00
3.402847949176248221e+00
