-7.249326894479111161e-01
-9.164436576659795719e-02
7.732285589105458712e-01
1.739914007730760659e+00
1.943450445966590223e+00
2.860186823117089716e+00
2.956587416554100400e+00
3.431598229806496647e+00
3.708330075410543714e+00
3.801727929918513382e+00
4.054365599111832807e+00
4.203584760652290697e+00
4.802273644743337400e+00
5.061942652283875077e+00
5.199057326477685592e+00
5.262069246955235258e+00
5.650080955429871210e+00
5.659751531481333586e+00
5.968661064384235715e+00
5.970211921129504162e+00
