-2.283666862349491566e+00
-2.073067672128672712e+00
-1.541657882058643736e+00
-7.757459355198079720e-01
-4.293346969789126888e-01
2.567298130597919226e-01
3.312846387561876327e-01
6.830205255682813004e-01
1.204787245835177600e+00
1.208887102126027457e+00
1.325090475002070889e+00
1.443492850739858113e+00
1.465915266162483022e+00
1.838341248600045219e+00
2.238618304065312259e+00
2.283731998584698886e+00
2.286981766752433032e+00
2.310794551318394952e+00
2.331843885593116283e+00
2.423734129217336886e+00
