-2.150772036301987100e+00
-2.064235679462854023e+00
-1.546844450766002410e+00
-8.603365998378649238e-01
-3.971030046477608266e-01
1.653727104824156413e-01
2.600054008746610634e-01
7.149992101310544967e-01
1.206099060538690537e+00
1.212587583046115469e+00
1.237601019574412931e+00
1.327554675312057952e+00
1.365053082187841937e+00
1.870035852441560564e+00
2.214261699602047884e+00
2.217109574492496904e+00
2.235967477488884469e+00
2.309285151592348484e+00
2.329198423537718554e+00
2.359527747086985983e+00
