-2.328141953756130533e+00
-2.188805009933275869e+00
-1.674673455585434567e+00
-9.584405642344790976e-01
-5.385691111623600591e-01
5.115708560697385110e-02
1.495884491450851783e-01
5.638915141935285646e-01
1.064514510097069433e+00
1.068205068542738445e+00
1.115248675909242593e+00
1.217329396135028219e+00
1.255801674171380000e+00
1.708615017767442623e+00
2.065277478290227009e+00
2.083667019924178021e+00
2.086138436388864648e+00
2.156978130660718307e+00
2.180252100068173604e+00
2.208018470686511137e+00
