-1.582024725546943955e+00
-1.192833008568413788e+00
-5.309800014410939184e-01
4.215991732589827734e-01
5.258399519743761630e-01
1.562654173243117839e+00
1.672506824552328908e+00
1.707717857903844560e+00
2.370273707013438980e+00
2.377515105658403627e+00
2.756255647152102028e+00
2.819108725847854657e+00
2.944857401128047059e+00
3.191987380373575434e+00
3.567150060727271921e+00
3.584138787836309348e+00
3.674465990689895989e+00
3.747568351659083419e+00
3.760628602427459555e+00
4.014424020953811123e+00
