-2.075010434702562634e+00
-1.868459714145501493e+00
-1.305088288365368498e+00
-4.948502689439919777e-01
-1.353919160192162963e-01
6.117439811278018169e-01
6.746432233831001213e-01
1.030398046304981108e+00
1.549281441115454072e+00
1.553788947390785324e+00
1.745743795594535186e+00
1.846199812782288063e+00
1.926854880770406453e+00
2.237703796574351145e+00
2.699015135429362999e+00
2.714529151055103284e+00
2.720907017788704252e+00
2.723715228639775887e+00
2.745446288647144684e+00
2.910741346773647820e+00
