-1.857517296734386036e+00
-1.626354243414880330e+00
-1.039884210013042320e+00
-1.732118436270866368e-01
1.498942777952834149e-01
1.006462702573571733e+00
1.038622000882241991e+00
1.364458640442990145e+00
1.907267858362956758e+00
1.914901461100271263e+00
2.183282072663132567e+00
2.258334748529705394e+00
2.430677878975529893e+00
2.622041230355080188e+00
3.128485679120785790e+00
3.149283592722895264e+00
3.149985841630041250e+00
3.164332605935214815e+00
3.179905823697481537e+00
3.405553342591247201e+00
