-1.393896262082307658e+00
-9.583090783346506214e-01
-2.432480169416066929e-01
7.785438696480468934e-01
8.127730246931150759e-01
1.909061024824495689e+00
2.004713959236141818e+00
2.100149333520903383e+00
2.697149202751688790e+00
2.712708053279129672e+00
3.127099888285101770e+00
3.252851625026323745e+00
3.278208088524024788e+00
3.682510405847551738e+00
3.914968875419617689e+00
3.932514120752330200e+00
4.102821829563936262e+00
4.161172195785184158e+00
4.170354752158118572e+00
4.400479523962758321e+00
