-2.292905971793516073e+00
-2.119423507101600990e+00
-1.581694241525838152e+00
-8.211548502222285606e-01
-4.318089478911133483e-01
2.278093038403312676e-01
3.137763147606165148e-01
7.025059140578377992e-01
1.208739870089630131e+00
1.213467121175199281e+00
1.317155402663047425e+00
1.447506861382862553e+00
1.450796625409566332e+00
1.875081270889495499e+00
2.263716416404349729e+00
2.286814213824982289e+00
2.291388090619875584e+00
2.333618979864695575e+00
2.357605263539880980e+00
2.436763297861034516e+00
