-1.161277936626987639e+00
-7.877978695905483164e-01
-7.963416649891996713e-02
9.840087996664124148e-01
1.173748171505849314e+00
2.250671032356905243e+00
2.339686989786486038e+00
2.460951548252211296e+00
2.978344123501898366e+00
3.056908714398787197e+00
3.483235854149398847e+00
3.658380839530252615e+00
3.732683736243217254e+00
4.237221703374046911e+00
4.376396699466823748e+00
4.439530674447297542e+00
4.612013300032941743e+00
4.738877631121340528e+00
4.875447507742848074e+00
4.955844171101546181e+00
