-2.025786291378608439e+00
-1.813666254356576246e+00
-1.248448651553189848e+00
-4.217782605464890366e-01
-7.238705121835664613e-02
6.933042175678565400e-01
7.525616558705223724e-01
1.097605114282487193e+00
1.628248890123359160e+00
1.628426402350669377e+00
1.836732336292698164e+00
1.939034594927761646e+00
2.037601158460347506e+00
2.315341272718796972e+00
2.798948549367196392e+00
2.812180893544791616e+00
2.815999937498418149e+00
2.818665040727864834e+00
2.834474205180413264e+00
3.012860996096605959e+00
