-2.281382979213958606e+00
-2.089453048589348327e+00
-1.549534902434970718e+00
-7.730605577744427137e-01
-3.983673572292900644e-01
2.886463700706372038e-01
3.673460356149007566e-01
7.391024943281081505e-01
1.254075468888913747e+00
1.257791414223902393e+00
1.387503095764259342e+00
1.505942988798778970e+00
1.533428709066356532e+00
1.917426339809026103e+00
2.332637061132118106e+00
2.355266132974065840e+00
2.360593784571392462e+00
2.387800763688574079e+00
2.408488966830191202e+00
2.513340967459953390e+00
