-2.152430433867266402e+00
-1.916147973432089202e+00
-1.364759189578762744e+00
-5.718389880785252899e-01
-2.613409035475342534e-01
4.893250802124384791e-01
5.425892998027848080e-01
8.639364937771460973e-01
1.398154506219725590e+00
1.402226532387430780e+00
1.571065647389332298e+00
1.668413849089120049e+00
1.744936901697656140e+00
2.030272407602751628e+00
2.475360225944314152e+00
2.518923221075965557e+00
2.522559349803486839e+00
2.526154918181418907e+00
2.539903526187117677e+00
2.685477258310129400e+00
