-2.417444946040632203e+00
-2.249322831907193176e+00
-1.723064612655434757e+00
-9.782543299515964463e-01
-5.791467785165878013e-01
5.148959739017300308e-02
1.434846621268661693e-01
5.402840337483212352e-01
1.048229745807475410e+00
1.052708497401908971e+00
1.126769713679095730e+00
1.242413934553042054e+00
1.262222885954543017e+00
1.699729497137013823e+00
2.070311429459252395e+00
2.098837786732474342e+00
2.102552683980320580e+00
2.157483805844094604e+00
2.180543553389725275e+00
2.230327031385968439e+00
