-2.395472651188754298e+00
-2.381475941662642981e+00
-1.766260600837028960e+00
-1.305074400355579201e+00
-7.848734751345887162e-01
-3.551423605800891892e-01
-2.548224494271380536e-01
1.392206035944809628e-01
6.425676420794275145e-01
7.000009672279361439e-01
7.018777312088104736e-01
7.885320837919493897e-01
8.112728542740796911e-01
1.155652212720781336e+00
1.533414475405834310e+00
1.537201732135486054e+00
1.618262140298554641e+00
1.650456056847644959e+00
1.677174550465338143e+00
1.709948242089637915e+00
