-2.159746984332741704e+00
-1.961286177807778586e+00
-1.415057571097349864e+00
-6.199447070666792570e-01
-2.539412146270478843e-01
4.603619050794804934e-01
5.341464271186850965e-01
9.009662403223046567e-01
1.417410918658788432e+00
1.421384597617361578e+00
1.576039949861296918e+00
1.692155234941310482e+00
1.740523731688881526e+00
2.098364844712705235e+00
2.526834705278815818e+00
2.544704483889290714e+00
2.549689976494846633e+00
2.569551795486404444e+00
2.590585948759326129e+00
2.721698679491964867e+00
