-2.818416464965366686e+00
-2.802698284859559408e+00
-2.046348294616905150e+00
-1.776629897289012661e+00
-1.432064286187426205e+00
-1.113302936314141789e+00
-7.799590864798346956e-01
-7.136870177169498675e-01
-4.333072034925748994e-01
-2.213887133426624132e-01
1.132692382537925369e-02
5.143672026736112457e-02
2.714441895579398079e-01
2.814437731971111134e-01
3.342346233141029188e-01
3.414656737684254040e-01
4.341062850338630597e-01
4.487510797882805491e-01
6.258360783248235748e-01
6.820652880145416930e-01
