-2.299277407371846493e+00
-2.162871857432037359e+00
-1.642332651012111455e+00
-9.327840165060479194e-01
-5.074563277012202889e-01
8.548168764900765382e-02
1.790804825541272294e-01
5.953522651689127088e-01
1.094483687949832529e+00
1.099034282560751308e+00
1.152376988327887375e+00
1.255493231015861966e+00
1.290017078030359698e+00
1.739944537475821562e+00
2.100814177549182205e+00
2.117122504954750184e+00
2.121801200872141635e+00
2.188958413295040373e+00
2.211378833584603854e+00
2.247025450382352574e+00
