-2.129345808814150587e+00
-2.043057853675463775e+00
-1.531433479579618506e+00
-8.514167262851515261e-01
-3.932603905957421375e-01
1.639425461064547562e-01
2.578036635211446992e-01
7.079905217856321542e-01
1.195336280826040820e+00
1.201735809421506929e+00
1.225850372865579629e+00
1.314966448068616955e+00
1.351915631033079990e+00
1.851602671504451791e+00
2.193765711970399934e+00
2.196802434758183153e+00
2.214616256559793328e+00
2.287523173843965196e+00
2.307114314233331243e+00
2.336852518899831921e+00
