-2.295713062507275026e+00
-2.122504609680618159e+00
-1.584732692717807367e+00
-8.242235996294766665e-01
-4.344773933480610140e-01
2.249345737145631574e-01
3.109931319995666854e-01
7.000260059430729598e-01
1.206261714367428795e+00
1.210984706063754857e+00
1.314516915692365728e+00
1.444894626074528787e+00
1.448092049802653491e+00
1.872694801015313715e+00
2.261491572389786597e+00
2.284362950544164050e+00
2.288945107793551870e+00
2.331272436713334173e+00
2.355245268910948653e+00
2.434284481714712456e+00
