-2.230645709871168947e+00
-2.047299986668804195e+00
-1.504698061293311184e+00
-7.278341942765109707e-01
-3.482375144449179061e-01
3.314637349030817859e-01
4.140209789438813459e-01
7.905590927657613065e-01
1.302656005973403808e+00
1.306379963378276443e+00
1.433225838249200024e+00
1.558530700745905051e+00
1.580677035133703612e+00
1.975384922843659297e+00
2.383814789827738423e+00
2.404395670102530858e+00
2.408184145915583940e+00
2.440327070737112081e+00
2.463234137238032417e+00
2.564608262571709929e+00
