-1.614503376268828561e+00
-1.390959555889196508e+00
-7.642843651609609879e-01
1.570899168130495127e-01
5.382108267986609462e-01
1.431103067911010385e+00
1.447927777458346554e+00
1.834465802938666457e+00
2.336884773135295745e+00
2.339183734813332194e+00
2.697016676824944170e+00
2.784776455652774985e+00
2.961909752917847527e+00
3.163586337419758365e+00
3.624170916964885691e+00
3.651229896012580411e+00
3.661537297609072539e+00
3.667897119619738078e+00
3.702587035789576930e+00
3.928237858291538487e+00
