-1.923629349419570644e+00
-1.632158161517509143e+00
-1.040470174773872714e+00
-1.904578185913123889e-01
4.639501857309369370e-02
9.323913860298489453e-01
9.343340112154692179e-01
1.189482822777790716e+00
1.761752696056646528e+00
1.765334880574300769e+00
2.037911269408141379e+00
2.083973540462466190e+00
2.278734945331962081e+00
2.381744455713487696e+00
2.913782549319876125e+00
2.922926199984431150e+00
2.933875738350252504e+00
2.980899089421654935e+00
2.984124329497717554e+00
3.184497759039004450e+00
