-1.704780341357263751e+00
-1.471222982924018652e+00
-8.439542636579062673e-01
6.541382136742868170e-02
3.965824783912239582e-01
1.290389433428913435e+00
1.325213483159359384e+00
1.653383071121083958e+00
2.191902708027896551e+00
2.202013900468159591e+00
2.558461108345795765e+00
2.598459484803129271e+00
2.800575992607832632e+00
2.965844994533540557e+00
3.467962572869510041e+00
3.493668859754507139e+00
3.509995397867101019e+00
3.517081125445656653e+00
3.561696981373074777e+00
3.796972497726073925e+00
