-1.829732534421054879e+00
-1.554381765160087525e+00
-9.476085026976761583e-01
-4.835105278971241205e-02
2.160618017946944747e-01
1.157975926441849879e+00
1.163717511892173206e+00
1.433497715124758543e+00
2.013708675681755267e+00
2.021063448096811044e+00
2.348322306562749873e+00
2.382170786531332851e+00
2.636792232442530803e+00
2.692950012500659795e+00
3.237386819875155197e+00
3.256115325879818556e+00
3.293652327031850291e+00
3.321567994487850228e+00
3.336913780180111644e+00
3.574823646700679092e+00
