-2.457842478077509440e+00
-2.337238518943195231e+00
-1.814372485285275616e+00
-1.122769632100244053e+00
-6.762461289326893166e-01
-1.239979019010206684e-01
-2.578533257474191487e-02
4.138658628362463787e-01
9.180157312075607479e-01
9.195521092769922689e-01
9.260199398122495040e-01
9.879930989409331232e-01
1.063149625319056213e+00
1.540332044183742255e+00
1.853064578986959532e+00
1.891348562916391529e+00
1.892605464468942955e+00
1.980499289493309334e+00
1.989236465116846375e+00
2.000754951994167641e+00
