-2.191567075390594255e+00
-2.056662657147171558e+00
-1.545781520843775070e+00
-8.298348133712352137e-01
-4.040775847843178781e-01
1.889961369270167779e-01
2.866189128744736081e-01
7.029578964065876789e-01
1.202465239637604100e+00
1.203019439773925114e+00
1.264209897137334337e+00
1.378277555157183087e+00
1.405736439714928565e+00
1.850304881510055566e+00
2.230976585963617254e+00
2.236291899310344888e+00
2.240093026262911735e+00
2.305249166330213484e+00
2.327613504686269152e+00
2.368185124297269795e+00
