-2.208545511575721321e+00
-2.131486479496743414e+00
-1.620051535622224037e+00
-9.995426343143662962e-01
-5.346223247879606788e-01
-3.080032205343741225e-02
4.549236175034820917e-02
4.984431867351304390e-01
9.629758102846608381e-01
9.906100552170755691e-01
1.028069717319340270e+00
1.037762830282190407e+00
1.080331652869062964e+00
1.558905041730213270e+00
1.865307845343068038e+00
1.915054634008811263e+00
1.916174677422986861e+00
1.958359797196862928e+00
1.980692225823077024e+00
2.036027892366291780e+00
