-2.326495345041621476e+00
-2.151819397782674059e+00
-1.621906776090327185e+00
-8.653015944728394970e-01
-4.733293064055033028e-01
1.761998068250250071e-01
2.653148017125204206e-01
6.571977015919401310e-01
1.165092856164847035e+00
1.169464037920988631e+00
1.261183213580807205e+00
1.388521118642529473e+00
1.395709939672087785e+00
1.828644045956025366e+00
2.207573307729035150e+00
2.231328911693708505e+00
2.235238127177581191e+00
2.284586391040647868e+00
2.307548027660232037e+00
2.376299527801165823e+00
